-0.000000039950,-0.000481
-0.000000039900,-0.000642
-0.000000039850,-0.000811
-0.000000039800,-0.000987
-0.000000039750,-0.001172
-0.000000039700,-0.001362
-0.000000039650,-0.001560
-0.000000039600,-0.001763
-0.000000039550,-0.001971
-0.000000039500,-0.002186
-0.000000039450,-0.002402
-0.000000039400,-0.002625
-0.000000039350,-0.002849
-0.000000039300,-0.003076
-0.000000039250,-0.003304
-0.000000039200,-0.003533
-0.000000039150,-0.003761
-0.000000039100,-0.003990
-0.000000039050,-0.004215
-0.000000039000,-0.004438
-0.000000038950,-0.004658
-0.000000038900,-0.004874
-0.000000038850,-0.005083
-0.000000038800,-0.005288
-0.000000038750,-0.005486
-0.000000038700,-0.005675
-0.000000038650,-0.005856
-0.000000038600,-0.006026
-0.000000038550,-0.006188
-0.000000038500,-0.006338
-0.000000038450,-0.006477
-0.000000038400,-0.006603
-0.000000038350,-0.006716
-0.000000038300,-0.006815
-0.000000038250,-0.006902
-0.000000038200,-0.006971
-0.000000038150,-0.007024
-0.000000038100,-0.007063
-0.000000038050,-0.007084
-0.000000038000,-0.007089
-0.000000037950,-0.007078
-0.000000037900,-0.007047
-0.000000037850,-0.007000
-0.000000037800,-0.006935
-0.000000037750,-0.006852
-0.000000037700,-0.006752
-0.000000037650,-0.006633
-0.000000037600,-0.006496
-0.000000037550,-0.006342
-0.000000037500,-0.006170
-0.000000037450,-0.005981
-0.000000037400,-0.005777
-0.000000037350,-0.005556
-0.000000037300,-0.005317
-0.000000037250,-0.005064
-0.000000037200,-0.004796
-0.000000037150,-0.004516
-0.000000037100,-0.004221
-0.000000037050,-0.003915
-0.000000037000,-0.003595
-0.000000036950,-0.003266
-0.000000036900,-0.002927
-0.000000036850,-0.002578
-0.000000036800,-0.002221
-0.000000036750,-0.001856
-0.000000036700,-0.001485
-0.000000036650,-0.001111
-0.000000036600,-0.000731
-0.000000036550,-0.000350
-0.000000036500,0.000033
-0.000000036450,0.000418
-0.000000036400,0.000799
-0.000000036350,0.001182
-0.000000036300,0.001560
-0.000000036250,0.001935
-0.000000036200,0.002306
-0.000000036150,0.002669
-0.000000036100,0.003025
-0.000000036050,0.003373
-0.000000036000,0.003710
-0.000000035950,0.004038
-0.000000035900,0.004355
-0.000000035850,0.004660
-0.000000035800,0.004952
-0.000000035750,0.005229
-0.000000035700,0.005495
-0.000000035650,0.005741
-0.000000035600,0.005975
-0.000000035550,0.006190
-0.000000035500,0.006387
-0.000000035450,0.006570
-0.000000035400,0.006732
-0.000000035350,0.006878
-0.000000035300,0.007005
-0.000000035250,0.007114
-0.000000035200,0.007203
-0.000000035150,0.007273
-0.000000035100,0.007324
-0.000000035050,0.007357
-0.000000035000,0.007372
-0.000000034950,0.007370
-0.000000034900,0.007350
-0.000000034850,0.007311
-0.000000034800,0.007252
-0.000000034750,0.007180
-0.000000034700,0.007091
-0.000000034650,0.006987
-0.000000034600,0.006867
-0.000000034550,0.006734
-0.000000034500,0.006589
-0.000000034450,0.006428
-0.000000034400,0.006257
-0.000000034350,0.006074
-0.000000034300,0.005883
-0.000000034250,0.005682
-0.000000034200,0.005472
-0.000000034150,0.005256
-0.000000034100,0.005034
-0.000000034050,0.004808
-0.000000034000,0.004575
-0.000000033950,0.004342
-0.000000033900,0.004104
-0.000000033850,0.003867
-0.000000033800,0.003629
-0.000000033750,0.003394
-0.000000033700,0.003160
-0.000000033650,0.002927
-0.000000033600,0.002700
-0.000000033550,0.002476
-0.000000033500,0.002260
-0.000000033450,0.002046
-0.000000033400,0.001841
-0.000000033350,0.001646
-0.000000033300,0.001456
-0.000000033250,0.001277
-0.000000033200,0.001106
-0.000000033150,0.000947
-0.000000033100,0.000796
-0.000000033050,0.000657
-0.000000033000,0.000529
-0.000000032950,0.000413
-0.000000032900,0.000308
-0.000000032850,0.000215
-0.000000032800,0.000131
-0.000000032750,0.000062
-0.000000032700,0.000003
-0.000000032650,-0.000043
-0.000000032600,-0.000078
-0.000000032550,-0.000100
-0.000000032500,-0.000115
-0.000000032450,-0.000116
-0.000000032400,-0.000108
-0.000000032350,-0.000090
-0.000000032300,-0.000065
-0.000000032250,-0.000027
-0.000000032200,0.000016
-0.000000032150,0.000068
-0.000000032100,0.000127
-0.000000032050,0.000193
-0.000000032000,0.000262
-0.000000031950,0.000337
-0.000000031900,0.000417
-0.000000031850,0.000500
-0.000000031800,0.000585
-0.000000031750,0.000673
-0.000000031700,0.000762
-0.000000031650,0.000853
-0.000000031600,0.000941
-0.000000031550,0.001028
-0.000000031500,0.001116
-0.000000031450,0.001199
-0.000000031400,0.001281
-0.000000031350,0.001358
-0.000000031300,0.001430
-0.000000031250,0.001498
-0.000000031200,0.001562
-0.000000031150,0.001618
-0.000000031100,0.001666
-0.000000031050,0.001710
-0.000000031000,0.001746
-0.000000030950,0.001775
-0.000000030900,0.001795
-0.000000030850,0.001808
-0.000000030800,0.001811
-0.000000030750,0.001808
-0.000000030700,0.001794
-0.000000030650,0.001773
-0.000000030600,0.001742
-0.000000030550,0.001704
-0.000000030500,0.001656
-0.000000030450,0.001604
-0.000000030400,0.001539
-0.000000030350,0.001469
-0.000000030300,0.001392
-0.000000030250,0.001307
-0.000000030200,0.001216
-0.000000030150,0.001117
-0.000000030100,0.001014
-0.000000030050,0.000906
-0.000000030000,0.000793
-0.000000029950,0.000678
-0.000000029900,0.000556
-0.000000029850,0.000433
-0.000000029800,0.000306
-0.000000029750,0.000180
-0.000000029700,0.000050
-0.000000029650,-0.000078
-0.000000029600,-0.000207
-0.000000029550,-0.000335
-0.000000029500,-0.000463
-0.000000029450,-0.000588
-0.000000029400,-0.000708
-0.000000029350,-0.000828
-0.000000029300,-0.000943
-0.000000029250,-0.001056
-0.000000029200,-0.001162
-0.000000029150,-0.001263
-0.000000029100,-0.001359
-0.000000029050,-0.001448
-0.000000029000,-0.001532
-0.000000028950,-0.001608
-0.000000028900,-0.001681
-0.000000028850,-0.001743
-0.000000028800,-0.001798
-0.000000028750,-0.001849
-0.000000028700,-0.001891
-0.000000028650,-0.001924
-0.000000028600,-0.001951
-0.000000028550,-0.001973
-0.000000028500,-0.001983
-0.000000028450,-0.001991
-0.000000028400,-0.001991
-0.000000028350,-0.001985
-0.000000028300,-0.001972
-0.000000028250,-0.001954
-0.000000028200,-0.001929
-0.000000028150,-0.001901
-0.000000028100,-0.001870
-0.000000028050,-0.001833
-0.000000028000,-0.001792
-0.000000027950,-0.001749
-0.000000027900,-0.001706
-0.000000027850,-0.001659
-0.000000027800,-0.001612
-0.000000027750,-0.001564
-0.000000027700,-0.001517
-0.000000027650,-0.001472
-0.000000027600,-0.001427
-0.000000027550,-0.001382
-0.000000027500,-0.001343
-0.000000027450,-0.001306
-0.000000027400,-0.001272
-0.000000027350,-0.001243
-0.000000027300,-0.001219
-0.000000027250,-0.001199
-0.000000027200,-0.001187
-0.000000027150,-0.001178
-0.000000027100,-0.001177
-0.000000027050,-0.001182
-0.000000027000,-0.001196
-0.000000026950,-0.001213
-0.000000026900,-0.001242
-0.000000026850,-0.001274
-0.000000026800,-0.001314
-0.000000026750,-0.001362
-0.000000026700,-0.001420
-0.000000026650,-0.001480
-0.000000026600,-0.001549
-0.000000026550,-0.001624
-0.000000026500,-0.001705
-0.000000026450,-0.001792
-0.000000026400,-0.001882
-0.000000026350,-0.001978
-0.000000026300,-0.002080
-0.000000026250,-0.002184
-0.000000026200,-0.002289
-0.000000026150,-0.002397
-0.000000026100,-0.002508
-0.000000026050,-0.002616
-0.000000026000,-0.002725
-0.000000025950,-0.002833
-0.000000025900,-0.002939
-0.000000025850,-0.003040
-0.000000025800,-0.003139
-0.000000025750,-0.003230
-0.000000025700,-0.003316
-0.000000025650,-0.003395
-0.000000025600,-0.003465
-0.000000025550,-0.003527
-0.000000025500,-0.003577
-0.000000025450,-0.003618
-0.000000025400,-0.003647
-0.000000025350,-0.003662
-0.000000025300,-0.003663
-0.000000025250,-0.003651
-0.000000025200,-0.003623
-0.000000025150,-0.003578
-0.000000025100,-0.003518
-0.000000025050,-0.003442
-0.000000025000,-0.003345
-0.000000024950,-0.003232
-0.000000024900,-0.003101
-0.000000024850,-0.002950
-0.000000024800,-0.002781
-0.000000024750,-0.002594
-0.000000024700,-0.002387
-0.000000024650,-0.002162
-0.000000024600,-0.001918
-0.000000024550,-0.001655
-0.000000024500,-0.001375
-0.000000024450,-0.001077
-0.000000024400,-0.000763
-0.000000024350,-0.000433
-0.000000024300,-0.000086
-0.000000024250,0.000275
-0.000000024200,0.000650
-0.000000024150,0.001037
-0.000000024100,0.001434
-0.000000024050,0.001843
-0.000000024000,0.002261
-0.000000023950,0.002687
-0.000000023900,0.003121
-0.000000023850,0.003556
-0.000000023800,0.003997
-0.000000023750,0.004438
-0.000000023700,0.004880
-0.000000023650,0.005322
-0.000000023600,0.005758
-0.000000023550,0.006192
-0.000000023500,0.006618
-0.000000023450,0.007035
-0.000000023400,0.007443
-0.000000023350,0.007841
-0.000000023300,0.008223
-0.000000023250,0.008591
-0.000000023200,0.008942
-0.000000023150,0.009275
-0.000000023100,0.009589
-0.000000023050,0.009881
-0.000000023000,0.010152
-0.000000022950,0.010397
-0.000000022900,0.010617
-0.000000022850,0.010812
-0.000000022800,0.010981
-0.000000022750,0.011117
-0.000000022700,0.011227
-0.000000022650,0.011306
-0.000000022600,0.011356
-0.000000022550,0.011374
-0.000000022500,0.011359
-0.000000022450,0.011313
-0.000000022400,0.011236
-0.000000022350,0.011127
-0.000000022300,0.010985
-0.000000022250,0.010812
-0.000000022200,0.010606
-0.000000022150,0.010371
-0.000000022100,0.010104
-0.000000022050,0.009810
-0.000000022000,0.009486
-0.000000021950,0.009137
-0.000000021900,0.008758
-0.000000021850,0.008356
-0.000000021800,0.007930
-0.000000021750,0.007480
-0.000000021700,0.007012
-0.000000021650,0.006524
-0.000000021600,0.006018
-0.000000021550,0.005497
-0.000000021500,0.004962
-0.000000021450,0.004415
-0.000000021400,0.003859
-0.000000021350,0.003296
-0.000000021300,0.002728
-0.000000021250,0.002153
-0.000000021200,0.001580
-0.000000021150,0.001008
-0.000000021100,0.000438
-0.000000021050,-0.000126
-0.000000021000,-0.000684
-0.000000020950,-0.001231
-0.000000020900,-0.001765
-0.000000020850,-0.002289
-0.000000020800,-0.002797
-0.000000020750,-0.003286
-0.000000020700,-0.003756
-0.000000020650,-0.004206
-0.000000020600,-0.004634
-0.000000020550,-0.005036
-0.000000020500,-0.005416
-0.000000020450,-0.005767
-0.000000020400,-0.006092
-0.000000020350,-0.006387
-0.000000020300,-0.006652
-0.000000020250,-0.006887
-0.000000020200,-0.007088
-0.000000020150,-0.007263
-0.000000020100,-0.007402
-0.000000020050,-0.007508
-0.000000020000,-0.007585
-0.000000019950,-0.007627
-0.000000019900,-0.007637
-0.000000019850,-0.007617
-0.000000019800,-0.007565
-0.000000019750,-0.007484
-0.000000019700,-0.007373
-0.000000019650,-0.007232
-0.000000019600,-0.007065
-0.000000019550,-0.006872
-0.000000019500,-0.006649
-0.000000019450,-0.006410
-0.000000019400,-0.006143
-0.000000019350,-0.005860
-0.000000019300,-0.005556
-0.000000019250,-0.005234
-0.000000019200,-0.004898
-0.000000019150,-0.004550
-0.000000019100,-0.004191
-0.000000019050,-0.003821
-0.000000019000,-0.003446
-0.000000018950,-0.003065
-0.000000018900,-0.002681
-0.000000018850,-0.002296
-0.000000018800,-0.001913
-0.000000018750,-0.001533
-0.000000018700,-0.001159
-0.000000018650,-0.000792
-0.000000018600,-0.000434
-0.000000018550,-0.000088
-0.000000018500,0.000245
-0.000000018450,0.000563
-0.000000018400,0.000863
-0.000000018350,0.001149
-0.000000018300,0.001412
-0.000000018250,0.001656
-0.000000018200,0.001878
-0.000000018150,0.002077
-0.000000018100,0.002249
-0.000000018050,0.002400
-0.000000018000,0.002525
-0.000000017950,0.002621
-0.000000017900,0.002694
-0.000000017850,0.002739
-0.000000017800,0.002757
-0.000000017750,0.002749
-0.000000017700,0.002715
-0.000000017650,0.002652
-0.000000017600,0.002565
-0.000000017550,0.002454
-0.000000017500,0.002319
-0.000000017450,0.002160
-0.000000017400,0.001979
-0.000000017350,0.001775
-0.000000017300,0.001552
-0.000000017250,0.001312
-0.000000017200,0.001056
-0.000000017150,0.000783
-0.000000017100,0.000497
-0.000000017050,0.000198
-0.000000017000,-0.000108
-0.000000016950,-0.000422
-0.000000016900,-0.000744
-0.000000016850,-0.001068
-0.000000016800,-0.001396
-0.000000016750,-0.001723
-0.000000016700,-0.002049
-0.000000016650,-0.002369
-0.000000016600,-0.002684
-0.000000016550,-0.002990
-0.000000016500,-0.003287
-0.000000016450,-0.003570
-0.000000016400,-0.003843
-0.000000016350,-0.004096
-0.000000016300,-0.004335
-0.000000016250,-0.004554
-0.000000016200,-0.004751
-0.000000016150,-0.004927
-0.000000016100,-0.005080
-0.000000016050,-0.005207
-0.000000016000,-0.005309
-0.000000015950,-0.005389
-0.000000015900,-0.005439
-0.000000015850,-0.005459
-0.000000015800,-0.005452
-0.000000015750,-0.005419
-0.000000015700,-0.005354
-0.000000015650,-0.005262
-0.000000015600,-0.005143
-0.000000015550,-0.004994
-0.000000015500,-0.004816
-0.000000015450,-0.004613
-0.000000015400,-0.004381
-0.000000015350,-0.004125
-0.000000015300,-0.003844
-0.000000015250,-0.003540
-0.000000015200,-0.003216
-0.000000015150,-0.002867
-0.000000015100,-0.002503
-0.000000015050,-0.002120
-0.000000015000,-0.001722
-0.000000014950,-0.001309
-0.000000014900,-0.000885
-0.000000014850,-0.000451
-0.000000014800,-0.000012
-0.000000014750,0.000435
-0.000000014700,0.000887
-0.000000014650,0.001339
-0.000000014600,0.001788
-0.000000014550,0.002234
-0.000000014500,0.002676
-0.000000014450,0.003109
-0.000000014400,0.003532
-0.000000014350,0.003944
-0.000000014300,0.004340
-0.000000014250,0.004722
-0.000000014200,0.005084
-0.000000014150,0.005427
-0.000000014100,0.005749
-0.000000014050,0.006045
-0.000000014000,0.006317
-0.000000013950,0.006564
-0.000000013900,0.006779
-0.000000013850,0.006968
-0.000000013800,0.007126
-0.000000013750,0.007253
-0.000000013700,0.007350
-0.000000013650,0.007412
-0.000000013600,0.007442
-0.000000013550,0.007439
-0.000000013500,0.007403
-0.000000013450,0.007334
-0.000000013400,0.007229
-0.000000013350,0.007095
-0.000000013300,0.006928
-0.000000013250,0.006729
-0.000000013200,0.006500
-0.000000013150,0.006240
-0.000000013100,0.005955
-0.000000013050,0.005641
-0.000000013000,0.005302
-0.000000012950,0.004938
-0.000000012900,0.004551
-0.000000012850,0.004145
-0.000000012800,0.003721
-0.000000012750,0.003278
-0.000000012700,0.002822
-0.000000012650,0.002351
-0.000000012600,0.001872
-0.000000012550,0.001385
-0.000000012500,0.000890
-0.000000012450,0.000393
-0.000000012400,-0.000106
-0.000000012350,-0.000605
-0.000000012300,-0.001099
-0.000000012250,-0.001590
-0.000000012200,-0.002073
-0.000000012150,-0.002546
-0.000000012100,-0.003006
-0.000000012050,-0.003452
-0.000000012000,-0.003885
-0.000000011950,-0.004299
-0.000000011900,-0.004692
-0.000000011850,-0.005067
-0.000000011800,-0.005418
-0.000000011750,-0.005744
-0.000000011700,-0.006047
-0.000000011650,-0.006325
-0.000000011600,-0.006571
-0.000000011550,-0.006795
-0.000000011500,-0.006986
-0.000000011450,-0.007151
-0.000000011400,-0.007285
-0.000000011350,-0.007391
-0.000000011300,-0.007468
-0.000000011250,-0.007512
-0.000000011200,-0.007531
-0.000000011150,-0.007519
-0.000000011100,-0.007481
-0.000000011050,-0.007416
-0.000000011000,-0.007327
-0.000000010950,-0.007210
-0.000000010900,-0.007070
-0.000000010850,-0.006909
-0.000000010800,-0.006728
-0.000000010750,-0.006527
-0.000000010700,-0.006308
-0.000000010650,-0.006073
-0.000000010600,-0.005828
-0.000000010550,-0.005567
-0.000000010500,-0.005298
-0.000000010450,-0.005021
-0.000000010400,-0.004739
-0.000000010350,-0.004454
-0.000000010300,-0.004166
-0.000000010250,-0.003879
-0.000000010200,-0.003597
-0.000000010150,-0.003322
-0.000000010100,-0.003050
-0.000000010050,-0.002788
-0.000000010000,-0.002539
-0.000000009950,-0.002301
-0.000000009900,-0.002080
-0.000000009850,-0.001875
-0.000000009800,-0.001686
-0.000000009750,-0.001520
-0.000000009700,-0.001372
-0.000000009650,-0.001248
-0.000000009600,-0.001146
-0.000000009550,-0.001070
-0.000000009500,-0.001019
-0.000000009450,-0.000992
-0.000000009400,-0.000993
-0.000000009350,-0.001018
-0.000000009300,-0.001072
-0.000000009250,-0.001152
-0.000000009200,-0.001258
-0.000000009150,-0.001390
-0.000000009100,-0.001550
-0.000000009050,-0.001733
-0.000000009000,-0.001939
-0.000000008950,-0.002169
-0.000000008900,-0.002421
-0.000000008850,-0.002694
-0.000000008800,-0.002986
-0.000000008750,-0.003295
-0.000000008700,-0.003621
-0.000000008650,-0.003961
-0.000000008600,-0.004313
-0.000000008550,-0.004676
-0.000000008500,-0.005046
-0.000000008450,-0.005423
-0.000000008400,-0.005805
-0.000000008350,-0.006188
-0.000000008300,-0.006571
-0.000000008250,-0.006951
-0.000000008200,-0.007327
-0.000000008150,-0.007695
-0.000000008100,-0.008056
-0.000000008050,-0.008402
-0.000000008000,-0.008736
-0.000000007950,-0.009054
-0.000000007900,-0.009355
-0.000000007850,-0.009635
-0.000000007800,-0.009895
-0.000000007750,-0.010131
-0.000000007700,-0.010341
-0.000000007650,-0.010527
-0.000000007600,-0.010683
-0.000000007550,-0.010813
-0.000000007500,-0.010911
-0.000000007450,-0.010980
-0.000000007400,-0.011018
-0.000000007350,-0.011024
-0.000000007300,-0.010997
-0.000000007250,-0.010938
-0.000000007200,-0.010846
-0.000000007150,-0.010724
-0.000000007100,-0.010569
-0.000000007050,-0.010381
-0.000000007000,-0.010167
-0.000000006950,-0.009922
-0.000000006900,-0.009647
-0.000000006850,-0.009344
-0.000000006800,-0.009018
-0.000000006750,-0.008666
-0.000000006700,-0.008293
-0.000000006650,-0.007898
-0.000000006600,-0.007485
-0.000000006550,-0.007055
-0.000000006500,-0.006610
-0.000000006450,-0.006152
-0.000000006400,-0.005687
-0.000000006350,-0.005212
-0.000000006300,-0.004732
-0.000000006250,-0.004250
-0.000000006200,-0.003767
-0.000000006150,-0.003287
-0.000000006100,-0.002812
-0.000000006050,-0.002343
-0.000000006000,-0.001883
-0.000000005950,-0.001435
-0.000000005900,-0.001004
-0.000000005850,-0.000588
-0.000000005800,-0.000190
-0.000000005750,0.000188
-0.000000005700,0.000542
-0.000000005650,0.000872
-0.000000005600,0.001177
-0.000000005550,0.001453
-0.000000005500,0.001700
-0.000000005450,0.001920
-0.000000005400,0.002108
-0.000000005350,0.002262
-0.000000005300,0.002384
-0.000000005250,0.002475
-0.000000005200,0.002532
-0.000000005150,0.002555
-0.000000005100,0.002546
-0.000000005050,0.002505
-0.000000005000,0.002428
-0.000000004950,0.002321
-0.000000004900,0.002183
-0.000000004850,0.002015
-0.000000004800,0.001817
-0.000000004750,0.001591
-0.000000004700,0.001337
-0.000000004650,0.001058
-0.000000004600,0.000758
-0.000000004550,0.000433
-0.000000004500,0.000090
-0.000000004450,-0.000273
-0.000000004400,-0.000653
-0.000000004350,-0.001049
-0.000000004300,-0.001457
-0.000000004250,-0.001879
-0.000000004200,-0.002308
-0.000000004150,-0.002746
-0.000000004100,-0.003192
-0.000000004050,-0.003643
-0.000000004000,-0.004096
-0.000000003950,-0.004554
-0.000000003900,-0.005012
-0.000000003850,-0.005476
-0.000000003800,-0.005936
-0.000000003750,-0.006397
-0.000000003700,-0.006858
-0.000000003650,-0.007321
-0.000000003600,-0.007784
-0.000000003550,-0.008250
-0.000000003500,-0.008717
-0.000000003450,-0.009190
-0.000000003400,-0.009669
-0.000000003350,-0.010155
-0.000000003300,-0.010652
-0.000000003250,-0.011167
-0.000000003200,-0.011697
-0.000000003150,-0.012249
-0.000000003100,-0.012826
-0.000000003050,-0.013432
-0.000000003000,-0.014074
-0.000000002950,-0.014756
-0.000000002900,-0.015486
-0.000000002850,-0.016266
-0.000000002800,-0.017106
-0.000000002750,-0.018012
-0.000000002700,-0.018991
-0.000000002650,-0.020052
-0.000000002600,-0.021200
-0.000000002550,-0.022446
-0.000000002500,-0.023796
-0.000000002450,-0.025261
-0.000000002400,-0.026851
-0.000000002350,-0.028572
-0.000000002300,-0.030436
-0.000000002250,-0.032451
-0.000000002200,-0.034629
-0.000000002150,-0.036975
-0.000000002100,-0.039502
-0.000000002050,-0.042223
-0.000000002000,-0.045142
-0.000000001950,-0.048272
-0.000000001900,-0.051622
-0.000000001850,-0.055203
-0.000000001800,-0.059022
-0.000000001750,-0.063089
-0.000000001700,-0.067415
-0.000000001650,-0.072006
-0.000000001600,-0.076871
-0.000000001550,-0.082018
-0.000000001500,-0.087457
-0.000000001450,-0.093190
-0.000000001400,-0.099229
-0.000000001350,-0.105572
-0.000000001300,-0.112235
-0.000000001250,-0.119216
-0.000000001200,-0.126523
-0.000000001150,-0.134157
-0.000000001100,-0.142122
-0.000000001050,-0.150419
-0.000000001000,-0.159052
-0.000000000950,-0.168021
-0.000000000900,-0.177324
-0.000000000850,-0.186966
-0.000000000800,-0.196938
-0.000000000750,-0.207240
-0.000000000700,-0.217872
-0.000000000650,-0.228825
-0.000000000600,-0.240100
-0.000000000550,-0.251685
-0.000000000500,-0.263579
-0.000000000450,-0.275769
-0.000000000400,-0.288248
-0.000000000350,-0.301013
-0.000000000300,-0.314048
-0.000000000250,-0.327344
-0.000000000200,-0.340887
-0.000000000150,-0.354667
-0.000000000100,-0.368674
-0.000000000050,-0.382890
0.000000000000,-0.397300
0.000000000050,-0.411892
0.000000000100,-0.426649
0.000000000150,-0.441553
0.000000000200,-0.456592
0.000000000250,-0.471742
0.000000000300,-0.486993
0.000000000350,-0.502323
0.000000000400,-0.517710
0.000000000450,-0.533139
0.000000000500,-0.548592
0.000000000550,-0.564047
0.000000000600,-0.579487
0.000000000650,-0.594888
0.000000000700,-0.610237
0.000000000750,-0.625507
0.000000000800,-0.640684
0.000000000850,-0.655746
0.000000000900,-0.670673
0.000000000950,-0.685447
0.000000001000,-0.700049
0.000000001050,-0.714460
0.000000001100,-0.728663
0.000000001150,-0.742636
0.000000001200,-0.756367
0.000000001250,-0.769836
0.000000001300,-0.783025
0.000000001350,-0.795923
0.000000001400,-0.808510
0.000000001450,-0.820777
0.000000001500,-0.832701
0.000000001550,-0.844279
0.000000001600,-0.855491
0.000000001650,-0.866330
0.000000001700,-0.876784
0.000000001750,-0.886843
0.000000001800,-0.896499
0.000000001850,-0.905742
0.000000001900,-0.914564
0.000000001950,-0.922962
0.000000002000,-0.930931
0.000000002050,-0.938462
0.000000002100,-0.945556
0.000000002150,-0.952207
0.000000002200,-0.958416
0.000000002250,-0.964179
0.000000002300,-0.969499
0.000000002350,-0.974377
0.000000002400,-0.978815
0.000000002450,-0.982815
0.000000002500,-0.986381
0.000000002550,-0.989520
0.000000002600,-0.992231
0.000000002650,-0.994526
0.000000002700,-0.996410
0.000000002750,-0.997891
0.000000002800,-0.998976
0.000000002850,-0.999677
0.000000002900,-1.000000
0.000000002950,-0.999957
0.000000003000,-0.999558
0.000000003050,-0.998816
0.000000003100,-0.997739
0.000000003150,-0.996342
0.000000003200,-0.994637
0.000000003250,-0.992637
0.000000003300,-0.990353
0.000000003350,-0.987799
0.000000003400,-0.984988
0.000000003450,-0.981936
0.000000003500,-0.978653
0.000000003550,-0.975156
0.000000003600,-0.971457
0.000000003650,-0.967569
0.000000003700,-0.963506
0.000000003750,-0.959284
0.000000003800,-0.954912
0.000000003850,-0.950404
0.000000003900,-0.945774
0.000000003950,-0.941036
0.000000004000,-0.936199
0.000000004050,-0.931276
0.000000004100,-0.926278
0.000000004150,-0.921219
0.000000004200,-0.916104
0.000000004250,-0.910949
0.000000004300,-0.905762
0.000000004350,-0.900550
0.000000004400,-0.895323
0.000000004450,-0.890091
0.000000004500,-0.884858
0.000000004550,-0.879635
0.000000004600,-0.874429
0.000000004650,-0.869240
0.000000004700,-0.864078
0.000000004750,-0.858948
0.000000004800,-0.853855
0.000000004850,-0.848799
0.000000004900,-0.843787
0.000000004950,-0.838820
0.000000005000,-0.833900
0.000000005050,-0.829030
0.000000005100,-0.824207
0.000000005150,-0.819438
0.000000005200,-0.814719
0.000000005250,-0.810049
0.000000005300,-0.805432
0.000000005350,-0.800862
0.000000005400,-0.796338
0.000000005450,-0.791859
0.000000005500,-0.787424
0.000000005550,-0.783026
0.000000005600,-0.778668
0.000000005650,-0.774344
0.000000005700,-0.770049
0.000000005750,-0.765785
0.000000005800,-0.761542
0.000000005850,-0.757317
0.000000005900,-0.753106
0.000000005950,-0.748907
0.000000006000,-0.744716
0.000000006050,-0.740526
0.000000006100,-0.736334
0.000000006150,-0.732136
0.000000006200,-0.727927
0.000000006250,-0.723702
0.000000006300,-0.719457
0.000000006350,-0.715190
0.000000006400,-0.710894
0.000000006450,-0.706570
0.000000006500,-0.702210
0.000000006550,-0.697812
0.000000006600,-0.693371
0.000000006650,-0.688889
0.000000006700,-0.684358
0.000000006750,-0.679777
0.000000006800,-0.675143
0.000000006850,-0.670460
0.000000006900,-0.665716
0.000000006950,-0.660918
0.000000007000,-0.656061
0.000000007050,-0.651144
0.000000007100,-0.646170
0.000000007150,-0.641134
0.000000007200,-0.636040
0.000000007250,-0.630889
0.000000007300,-0.625677
0.000000007350,-0.620408
0.000000007400,-0.615085
0.000000007450,-0.609707
0.000000007500,-0.604275
0.000000007550,-0.598795
0.000000007600,-0.593266
0.000000007650,-0.587694
0.000000007700,-0.582078
0.000000007750,-0.576424
0.000000007800,-0.570738
0.000000007850,-0.565015
0.000000007900,-0.559270
0.000000007950,-0.553496
0.000000008000,-0.547707
0.000000008050,-0.541900
0.000000008100,-0.536083
0.000000008150,-0.530260
0.000000008200,-0.524436
0.000000008250,-0.518616
0.000000008300,-0.512805
0.000000008350,-0.507007
0.000000008400,-0.501228
0.000000008450,-0.495472
0.000000008500,-0.489742
0.000000008550,-0.484049
0.000000008600,-0.478392
0.000000008650,-0.472778
0.000000008700,-0.467216
0.000000008750,-0.461703
0.000000008800,-0.456249
0.000000008850,-0.450859
0.000000008900,-0.445533
0.000000008950,-0.440281
0.000000009000,-0.435101
0.000000009050,-0.430003
0.000000009100,-0.424989
0.000000009150,-0.420061
0.000000009200,-0.415224
0.000000009250,-0.410485
0.000000009300,-0.405839
0.000000009350,-0.401296
0.000000009400,-0.396858
0.000000009450,-0.392525
0.000000009500,-0.388299
0.000000009550,-0.384186
0.000000009600,-0.380185
0.000000009650,-0.376301
0.000000009700,-0.372530
0.000000009750,-0.368878
0.000000009800,-0.365345
0.000000009850,-0.361932
0.000000009900,-0.358639
0.000000009950,-0.355467
0.000000010000,-0.352414
0.000000010050,-0.349486
0.000000010100,-0.346676
0.000000010150,-0.343988
0.000000010200,-0.341417
0.000000010250,-0.338968
0.000000010300,-0.336635
0.000000010350,-0.334421
0.000000010400,-0.332320
0.000000010450,-0.330335
0.000000010500,-0.328459
0.000000010550,-0.326694
0.000000010600,-0.325037
0.000000010650,-0.323488
0.000000010700,-0.322039
0.000000010750,-0.320693
0.000000010800,-0.319445
0.000000010850,-0.318292
0.000000010900,-0.317228
0.000000010950,-0.316256
0.000000011000,-0.315370
0.000000011050,-0.314568
0.000000011100,-0.313844
0.000000011150,-0.313195
0.000000011200,-0.312621
0.000000011250,-0.312114
0.000000011300,-0.311672
0.000000011350,-0.311290
0.000000011400,-0.310968
0.000000011450,-0.310700
0.000000011500,-0.310482
0.000000011550,-0.310310
0.000000011600,-0.310178
0.000000011650,-0.310087
0.000000011700,-0.310030
0.000000011750,-0.310002
0.000000011800,-0.310003
0.000000011850,-0.310027
0.000000011900,-0.310068
0.000000011950,-0.310124
0.000000012000,-0.310194
0.000000012050,-0.310268
0.000000012100,-0.310348
0.000000012150,-0.310426
0.000000012200,-0.310501
0.000000012250,-0.310571
0.000000012300,-0.310628
0.000000012350,-0.310671
0.000000012400,-0.310697
0.000000012450,-0.310702
0.000000012500,-0.310685
0.000000012550,-0.310640
0.000000012600,-0.310564
0.000000012650,-0.310456
0.000000012700,-0.310314
0.000000012750,-0.310132
0.000000012800,-0.309912
0.000000012850,-0.309648
0.000000012900,-0.309339
0.000000012950,-0.308983
0.000000013000,-0.308578
0.000000013050,-0.308122
0.000000013100,-0.307613
0.000000013150,-0.307049
0.000000013200,-0.306431
0.000000013250,-0.305756
0.000000013300,-0.305024
0.000000013350,-0.304231
0.000000013400,-0.303380
0.000000013450,-0.302469
0.000000013500,-0.301497
0.000000013550,-0.300464
0.000000013600,-0.299374
0.000000013650,-0.298218
0.000000013700,-0.297004
0.000000013750,-0.295730
0.000000013800,-0.294397
0.000000013850,-0.293004
0.000000013900,-0.291555
0.000000013950,-0.290048
0.000000014000,-0.288486
0.000000014050,-0.286869
0.000000014100,-0.285198
0.000000014150,-0.283480
0.000000014200,-0.281711
0.000000014250,-0.279893
0.000000014300,-0.278033
0.000000014350,-0.276128
0.000000014400,-0.274183
0.000000014450,-0.272200
0.000000014500,-0.270178
0.000000014550,-0.268127
0.000000014600,-0.266044
0.000000014650,-0.263933
0.000000014700,-0.261797
0.000000014750,-0.259640
0.000000014800,-0.257464
0.000000014850,-0.255271
0.000000014900,-0.253068
0.000000014950,-0.250855
0.000000015000,-0.248634
0.000000015050,-0.246412
0.000000015100,-0.244189
0.000000015150,-0.241969
0.000000015200,-0.239754
0.000000015250,-0.237549
0.000000015300,-0.235359
0.000000015350,-0.233183
0.000000015400,-0.231024
0.000000015450,-0.228887
0.000000015500,-0.226776
0.000000015550,-0.224691
0.000000015600,-0.222636
0.000000015650,-0.220612
0.000000015700,-0.218623
0.000000015750,-0.216673
0.000000015800,-0.214761
0.000000015850,-0.212890
0.000000015900,-0.211061
0.000000015950,-0.209278
0.000000016000,-0.207544
0.000000016050,-0.205857
0.000000016100,-0.204219
0.000000016150,-0.202633
0.000000016200,-0.201098
0.000000016250,-0.199617
0.000000016300,-0.198187
0.000000016350,-0.196810
0.000000016400,-0.195490
0.000000016450,-0.194225
0.000000016500,-0.193011
0.000000016550,-0.191854
0.000000016600,-0.190750
0.000000016650,-0.189699
0.000000016700,-0.188701
0.000000016750,-0.187753
0.000000016800,-0.186856
0.000000016850,-0.186008
0.000000016900,-0.185208
0.000000016950,-0.184456
0.000000017000,-0.183747
0.000000017050,-0.183081
0.000000017100,-0.182456
0.000000017150,-0.181870
0.000000017200,-0.181323
0.000000017250,-0.180807
0.000000017300,-0.180325
0.000000017350,-0.179871
0.000000017400,-0.179446
0.000000017450,-0.179045
0.000000017500,-0.178666
0.000000017550,-0.178308
0.000000017600,-0.177965
0.000000017650,-0.177634
0.000000017700,-0.177315
0.000000017750,-0.177004
0.000000017800,-0.176699
0.000000017850,-0.176397
0.000000017900,-0.176094
0.000000017950,-0.175789
0.000000018000,-0.175479
0.000000018050,-0.175160
0.000000018100,-0.174830
0.000000018150,-0.174487
0.000000018200,-0.174130
0.000000018250,-0.173754
0.000000018300,-0.173359
0.000000018350,-0.172940
0.000000018400,-0.172500
0.000000018450,-0.172031
0.000000018500,-0.171537
0.000000018550,-0.171013
0.000000018600,-0.170458
0.000000018650,-0.169873
0.000000018700,-0.169252
0.000000018750,-0.168600
0.000000018800,-0.167911
0.000000018850,-0.167187
0.000000018900,-0.166428
0.000000018950,-0.165633
0.000000019000,-0.164799
0.000000019050,-0.163933
0.000000019100,-0.163025
0.000000019150,-0.162084
0.000000019200,-0.161109
0.000000019250,-0.160096
0.000000019300,-0.159050
0.000000019350,-0.157969
0.000000019400,-0.156857
0.000000019450,-0.155715
0.000000019500,-0.154541
0.000000019550,-0.153339
0.000000019600,-0.152111
0.000000019650,-0.150858
0.000000019700,-0.149581
0.000000019750,-0.148283
0.000000019800,-0.146964
0.000000019850,-0.145629
0.000000019900,-0.144277
0.000000019950,-0.142917
0.000000020000,-0.141543
0.000000020050,-0.140162
0.000000020100,-0.138774
0.000000020150,-0.137383
0.000000020200,-0.135990
0.000000020250,-0.134599
0.000000020300,-0.133213
0.000000020350,-0.131832
0.000000020400,-0.130462
0.000000020450,-0.129103
0.000000020500,-0.127759
0.000000020550,-0.126427
0.000000020600,-0.125116
0.000000020650,-0.123825
0.000000020700,-0.122559
0.000000020750,-0.121317
0.000000020800,-0.120101
0.000000020850,-0.118917
0.000000020900,-0.117763
0.000000020950,-0.116641
0.000000021000,-0.115557
0.000000021050,-0.114507
0.000000021100,-0.113497
0.000000021150,-0.112524
0.000000021200,-0.111593
0.000000021250,-0.110705
0.000000021300,-0.109859
0.000000021350,-0.109057
0.000000021400,-0.108299
0.000000021450,-0.107590
0.000000021500,-0.106925
0.000000021550,-0.106305
0.000000021600,-0.105734
0.000000021650,-0.105210
0.000000021700,-0.104732
0.000000021750,-0.104302
0.000000021800,-0.103919
0.000000021850,-0.103580
0.000000021900,-0.103288
0.000000021950,-0.103043
0.000000022000,-0.102841
0.000000022050,-0.102684
0.000000022100,-0.102572
0.000000022150,-0.102499
0.000000022200,-0.102469
0.000000022250,-0.102477
0.000000022300,-0.102528
0.000000022350,-0.102611
0.000000022400,-0.102733
0.000000022450,-0.102889
0.000000022500,-0.103079
0.000000022550,-0.103298
0.000000022600,-0.103549
0.000000022650,-0.103825
0.000000022700,-0.104129
0.000000022750,-0.104455
0.000000022800,-0.104806
0.000000022850,-0.105175
0.000000022900,-0.105564
0.000000022950,-0.105971
0.000000023000,-0.106392
0.000000023050,-0.106826
0.000000023100,-0.107269
0.000000023150,-0.107724
0.000000023200,-0.108186
0.000000023250,-0.108652
0.000000023300,-0.109123
0.000000023350,-0.109596
0.000000023400,-0.110068
0.000000023450,-0.110538
0.000000023500,-0.111005
0.000000023550,-0.111467
0.000000023600,-0.111920
0.000000023650,-0.112367
0.000000023700,-0.112803
0.000000023750,-0.113228
0.000000023800,-0.113642
0.000000023850,-0.114040
0.000000023900,-0.114422
0.000000023950,-0.114789
0.000000024000,-0.115138
0.000000024050,-0.115468
0.000000024100,-0.115778
0.000000024150,-0.116067
0.000000024200,-0.116337
0.000000024250,-0.116579
0.000000024300,-0.116801
0.000000024350,-0.117000
0.000000024400,-0.117173
0.000000024450,-0.117320
0.000000024500,-0.117445
0.000000024550,-0.117541
0.000000024600,-0.117611
0.000000024650,-0.117657
0.000000024700,-0.117672
0.000000024750,-0.117664
0.000000024800,-0.117628
0.000000024850,-0.117564
0.000000024900,-0.117475
0.000000024950,-0.117356
0.000000025000,-0.117215
0.000000025050,-0.117044
0.000000025100,-0.116849
0.000000025150,-0.116626
0.000000025200,-0.116379
0.000000025250,-0.116106
0.000000025300,-0.115810
0.000000025350,-0.115488
0.000000025400,-0.115144
0.000000025450,-0.114777
0.000000025500,-0.114387
0.000000025550,-0.113974
0.000000025600,-0.113542
0.000000025650,-0.113090
0.000000025700,-0.112617
0.000000025750,-0.112126
0.000000025800,-0.111618
0.000000025850,-0.111089
0.000000025900,-0.110546
0.000000025950,-0.109988
0.000000026000,-0.109415
0.000000026050,-0.108826
0.000000026100,-0.108225
0.000000026150,-0.107612
0.000000026200,-0.106989
0.000000026250,-0.106355
0.000000026300,-0.105712
0.000000026350,-0.105060
0.000000026400,-0.104400
0.000000026450,-0.103735
0.000000026500,-0.103062
0.000000026550,-0.102383
0.000000026600,-0.101702
0.000000026650,-0.101018
0.000000026700,-0.100331
0.000000026750,-0.099642
0.000000026800,-0.098954
0.000000026850,-0.098263
0.000000026900,-0.097577
0.000000026950,-0.096890
0.000000027000,-0.096207
0.000000027050,-0.095527
0.000000027100,-0.094848
0.000000027150,-0.094177
0.000000027200,-0.093510
0.000000027250,-0.092849
0.000000027300,-0.092195
0.000000027350,-0.091550
0.000000027400,-0.090910
0.000000027450,-0.090278
0.000000027500,-0.089655
0.000000027550,-0.089044
0.000000027600,-0.088438
0.000000027650,-0.087842
0.000000027700,-0.087260
0.000000027750,-0.086686
0.000000027800,-0.086123
0.000000027850,-0.085571
0.000000027900,-0.085030
0.000000027950,-0.084500
0.000000028000,-0.083983
0.000000028050,-0.083478
0.000000028100,-0.082981
0.000000028150,-0.082496
0.000000028200,-0.082023
0.000000028250,-0.081561
0.000000028300,-0.081110
0.000000028350,-0.080670
0.000000028400,-0.080240
0.000000028450,-0.079820
0.000000028500,-0.079412
0.000000028550,-0.079012
0.000000028600,-0.078621
0.000000028650,-0.078238
0.000000028700,-0.077864
0.000000028750,-0.077498
0.000000028800,-0.077140
0.000000028850,-0.076785
0.000000028900,-0.076439
0.000000028950,-0.076098
0.000000029000,-0.075761
0.000000029050,-0.075428
0.000000029100,-0.075100
0.000000029150,-0.074773
0.000000029200,-0.074451
0.000000029250,-0.074127
0.000000029300,-0.073805
0.000000029350,-0.073481
0.000000029400,-0.073159
0.000000029450,-0.072834
0.000000029500,-0.072506
0.000000029550,-0.072178
0.000000029600,-0.071844
0.000000029650,-0.071505
0.000000029700,-0.071161
0.000000029750,-0.070814
0.000000029800,-0.070460
0.000000029850,-0.070095
0.000000029900,-0.069726
0.000000029950,-0.069350
0.000000030000,-0.068963
0.000000030050,-0.068568
0.000000030100,-0.068165
0.000000030150,-0.067750
0.000000030200,-0.067328
0.000000030250,-0.066891
0.000000030300,-0.066447
0.000000030350,-0.065993
0.000000030400,-0.065527
0.000000030450,-0.065051
0.000000030500,-0.064562
0.000000030550,-0.064064
0.000000030600,-0.063555
0.000000030650,-0.063036
0.000000030700,-0.062507
0.000000030750,-0.061971
0.000000030800,-0.061421
0.000000030850,-0.060865
0.000000030900,-0.060301
0.000000030950,-0.059728
0.000000031000,-0.059147
0.000000031050,-0.058561
0.000000031100,-0.057970
0.000000031150,-0.057376
0.000000031200,-0.056775
0.000000031250,-0.056171
0.000000031300,-0.055567
0.000000031350,-0.054964
0.000000031400,-0.054359
0.000000031450,-0.053759
0.000000031500,-0.053158
0.000000031550,-0.052563
0.000000031600,-0.051972
0.000000031650,-0.051389
0.000000031700,-0.050815
0.000000031750,-0.050249
0.000000031800,-0.049695
0.000000031850,-0.049155
0.000000031900,-0.048625
0.000000031950,-0.048114
0.000000032000,-0.047617
0.000000032050,-0.047140
0.000000032100,-0.046684
0.000000032150,-0.046246
0.000000032200,-0.045831
0.000000032250,-0.045440
0.000000032300,-0.045072
0.000000032350,-0.044735
0.000000032400,-0.044425
0.000000032450,-0.044142
0.000000032500,-0.043890
0.000000032550,-0.043671
0.000000032600,-0.043481
0.000000032650,-0.043326
0.000000032700,-0.043206
0.000000032750,-0.043122
0.000000032800,-0.043072
0.000000032850,-0.043061
0.000000032900,-0.043086
0.000000032950,-0.043151
0.000000033000,-0.043251
0.000000033050,-0.043392
0.000000033100,-0.043573
0.000000033150,-0.043793
0.000000033200,-0.044052
0.000000033250,-0.044349
0.000000033300,-0.044686
0.000000033350,-0.045064
0.000000033400,-0.045482
0.000000033450,-0.045934
0.000000033500,-0.046425
0.000000033550,-0.046953
0.000000033600,-0.047520
0.000000033650,-0.048121
0.000000033700,-0.048756
0.000000033750,-0.049422
0.000000033800,-0.050125
0.000000033850,-0.050857
0.000000033900,-0.051620
0.000000033950,-0.052411
0.000000034000,-0.053228
0.000000034050,-0.054073
0.000000034100,-0.054939
0.000000034150,-0.055829
0.000000034200,-0.056738
0.000000034250,-0.057663
0.000000034300,-0.058606
0.000000034350,-0.059565
0.000000034400,-0.060534
0.000000034450,-0.061514
0.000000034500,-0.062501
0.000000034550,-0.063496
0.000000034600,-0.064492
0.000000034650,-0.065489
0.000000034700,-0.066486
0.000000034750,-0.067480
0.000000034800,-0.068468
0.000000034850,-0.069449
0.000000034900,-0.070421
0.000000034950,-0.071378
0.000000035000,-0.072322
0.000000035050,-0.073248
0.000000035100,-0.074157
0.000000035150,-0.075045
0.000000035200,-0.075908
0.000000035250,-0.076745
0.000000035300,-0.077559
0.000000035350,-0.078342
0.000000035400,-0.079094
0.000000035450,-0.079813
0.000000035500,-0.080499
0.000000035550,-0.081148
0.000000035600,-0.081760
0.000000035650,-0.082335
0.000000035700,-0.082866
0.000000035750,-0.083358
0.000000035800,-0.083808
0.000000035850,-0.084214
0.000000035900,-0.084575
0.000000035950,-0.084891
0.000000036000,-0.085160
0.000000036050,-0.085384
0.000000036100,-0.085560
0.000000036150,-0.085687
0.000000036200,-0.085770
0.000000036250,-0.085803
0.000000036300,-0.085787
0.000000036350,-0.085723
0.000000036400,-0.085614
0.000000036450,-0.085457
0.000000036500,-0.085252
0.000000036550,-0.085000
0.000000036600,-0.084704
0.000000036650,-0.084362
0.000000036700,-0.083976
0.000000036750,-0.083548
0.000000036800,-0.083075
0.000000036850,-0.082564
0.000000036900,-0.082012
0.000000036950,-0.081422
0.000000037000,-0.080793
0.000000037050,-0.080129
0.000000037100,-0.079432
0.000000037150,-0.078700
0.000000037200,-0.077939
0.000000037250,-0.077148
0.000000037300,-0.076331
0.000000037350,-0.075486
0.000000037400,-0.074619
0.000000037450,-0.073729
0.000000037500,-0.072819
0.000000037550,-0.071889
0.000000037600,-0.070944
0.000000037650,-0.069985
0.000000037700,-0.069013
0.000000037750,-0.068031
0.000000037800,-0.067038
0.000000037850,-0.066042
0.000000037900,-0.065039
0.000000037950,-0.064033
0.000000038000,-0.063028
0.000000038050,-0.062020
0.000000038100,-0.061018
0.000000038150,-0.060018
0.000000038200,-0.059026
0.000000038250,-0.058042
0.000000038300,-0.057067
0.000000038350,-0.056104
0.000000038400,-0.055152
0.000000038450,-0.054214
0.000000038500,-0.053291
0.000000038550,-0.052385
0.000000038600,-0.051497
0.000000038650,-0.050630
0.000000038700,-0.049781
0.000000038750,-0.048957
0.000000038800,-0.048151
0.000000038850,-0.047370
0.000000038900,-0.046615
0.000000038950,-0.045883
0.000000039000,-0.045176
0.000000039050,-0.044497
0.000000039100,-0.043843
0.000000039150,-0.043219
0.000000039200,-0.042620
0.000000039250,-0.042050
0.000000039300,-0.041509
0.000000039350,-0.040997
0.000000039400,-0.040512
0.000000039450,-0.040057
0.000000039500,-0.039631
0.000000039550,-0.039235
0.000000039600,-0.038865
0.000000039650,-0.038525
0.000000039700,-0.038214
0.000000039750,-0.037929
0.000000039800,-0.037673
0.000000039850,-0.037445
0.000000039900,-0.037244
0.000000039950,-0.037070
0.000000040000,-0.036921
0.000000040050,-0.036799
0.000000040100,-0.036703
0.000000040150,-0.036630
0.000000040200,-0.036582
0.000000040250,-0.036558
0.000000040300,-0.036557
0.000000040350,-0.036579
0.000000040400,-0.036623
0.000000040450,-0.036687
0.000000040500,-0.036773
0.000000040550,-0.036877
0.000000040600,-0.037004
0.000000040650,-0.037147
0.000000040700,-0.037308
0.000000040750,-0.037488
0.000000040800,-0.037685
0.000000040850,-0.037898
0.000000040900,-0.038127
0.000000040950,-0.038371
0.000000041000,-0.038629
0.000000041050,-0.038902
0.000000041100,-0.039189
0.000000041150,-0.039486
0.000000041200,-0.039800
0.000000041250,-0.040123
0.000000041300,-0.040460
0.000000041350,-0.040804
0.000000041400,-0.041162
0.000000041450,-0.041527
0.000000041500,-0.041904
0.000000041550,-0.042290
0.000000041600,-0.042686
0.000000041650,-0.043089
0.000000041700,-0.043500
0.000000041750,-0.043919
0.000000041800,-0.044346
0.000000041850,-0.044781
0.000000041900,-0.045221
0.000000041950,-0.045666
0.000000042000,-0.046117
0.000000042050,-0.046576
0.000000042100,-0.047039
0.000000042150,-0.047507
0.000000042200,-0.047981
0.000000042250,-0.048457
0.000000042300,-0.048936
0.000000042350,-0.049421
0.000000042400,-0.049906
0.000000042450,-0.050396
0.000000042500,-0.050888
0.000000042550,-0.051381
0.000000042600,-0.051877
0.000000042650,-0.052371
0.000000042700,-0.052867
0.000000042750,-0.053365
0.000000042800,-0.053861
0.000000042850,-0.054355
0.000000042900,-0.054850
0.000000042950,-0.055342
0.000000043000,-0.055830
0.000000043050,-0.056316
0.000000043100,-0.056798
0.000000043150,-0.057277
0.000000043200,-0.057749
0.000000043250,-0.058217
0.000000043300,-0.058678
0.000000043350,-0.059132
0.000000043400,-0.059578
0.000000043450,-0.060020
0.000000043500,-0.060450
0.000000043550,-0.060869
0.000000043600,-0.061280
0.000000043650,-0.061681
0.000000043700,-0.062070
0.000000043750,-0.062446
0.000000043800,-0.062808
0.000000043850,-0.063157
0.000000043900,-0.063492
0.000000043950,-0.063814
0.000000044000,-0.064120
0.000000044050,-0.064408
0.000000044100,-0.064680
0.000000044150,-0.064936
0.000000044200,-0.065171
0.000000044250,-0.065390
0.000000044300,-0.065586
0.000000044350,-0.065768
0.000000044400,-0.065927
0.000000044450,-0.066062
0.000000044500,-0.066181
0.000000044550,-0.066277
0.000000044600,-0.066353
0.000000044650,-0.066403
0.000000044700,-0.066434
0.000000044750,-0.066440
0.000000044800,-0.066426
0.000000044850,-0.066388
0.000000044900,-0.066326
0.000000044950,-0.066244
0.000000045000,-0.066136
0.000000045050,-0.066005
0.000000045100,-0.065853
0.000000045150,-0.065676
0.000000045200,-0.065480
0.000000045250,-0.065258
0.000000045300,-0.065017
0.000000045350,-0.064754
0.000000045400,-0.064469
0.000000045450,-0.064162
0.000000045500,-0.063838
0.000000045550,-0.063492
0.000000045600,-0.063128
0.000000045650,-0.062747
0.000000045700,-0.062344
0.000000045750,-0.061927
0.000000045800,-0.061492
0.000000045850,-0.061042
0.000000045900,-0.060577
0.000000045950,-0.060098
0.000000046000,-0.059606
0.000000046050,-0.059101
0.000000046100,-0.058585
0.000000046150,-0.058059
0.000000046200,-0.057524
0.000000046250,-0.056979
0.000000046300,-0.056426
0.000000046350,-0.055868
0.000000046400,-0.055306
0.000000046450,-0.054734
0.000000046500,-0.054160
0.000000046550,-0.053584
0.000000046600,-0.053006
0.000000046650,-0.052427
0.000000046700,-0.051849
0.000000046750,-0.051271
0.000000046800,-0.050694
0.000000046850,-0.050120
0.000000046900,-0.049549
0.000000046950,-0.048983
0.000000047000,-0.048421
0.000000047050,-0.047865
0.000000047100,-0.047317
0.000000047150,-0.046774
0.000000047200,-0.046240
0.000000047250,-0.045715
0.000000047300,-0.045198
0.000000047350,-0.044691
0.000000047400,-0.044193
0.000000047450,-0.043707
0.000000047500,-0.043230
0.000000047550,-0.042764
0.000000047600,-0.042313
0.000000047650,-0.041869
0.000000047700,-0.041437
0.000000047750,-0.041020
0.000000047800,-0.040615
0.000000047850,-0.040221
0.000000047900,-0.039838
0.000000047950,-0.039470
0.000000048000,-0.039112
0.000000048050,-0.038768
0.000000048100,-0.038434
0.000000048150,-0.038115
0.000000048200,-0.037804
0.000000048250,-0.037508
0.000000048300,-0.037220
0.000000048350,-0.036944
0.000000048400,-0.036678
0.000000048450,-0.036424
0.000000048500,-0.036179
0.000000048550,-0.035946
0.000000048600,-0.035719
0.000000048650,-0.035502
0.000000048700,-0.035294
0.000000048750,-0.035096
0.000000048800,-0.034900
0.000000048850,-0.034715
0.000000048900,-0.034537
0.000000048950,-0.034365
0.000000049000,-0.034198
0.000000049050,-0.034037
0.000000049100,-0.033881
0.000000049150,-0.033733
0.000000049200,-0.033584
0.000000049250,-0.033443
0.000000049300,-0.033304
0.000000049350,-0.033169
0.000000049400,-0.033038
0.000000049450,-0.032908
0.000000049500,-0.032780
0.000000049550,-0.032657
0.000000049600,-0.032533
0.000000049650,-0.032414
0.000000049700,-0.032295
0.000000049750,-0.032179
0.000000049800,-0.032063
0.000000049850,-0.031947
0.000000049900,-0.031837
0.000000049950,-0.031726
0.000000050000,-0.031616
0.000000050050,-0.031508
0.000000050100,-0.031400
0.000000050150,-0.031295
0.000000050200,-0.031191
0.000000050250,-0.031088
0.000000050300,-0.030990
0.000000050350,-0.030893
0.000000050400,-0.030796
0.000000050450,-0.030703
0.000000050500,-0.030616
0.000000050550,-0.030526
0.000000050600,-0.030444
0.000000050650,-0.030362
0.000000050700,-0.030284
0.000000050750,-0.030212
0.000000050800,-0.030145
0.000000050850,-0.030080
0.000000050900,-0.030022
0.000000050950,-0.029969
0.000000051000,-0.029920
0.000000051050,-0.029879
0.000000051100,-0.029842
0.000000051150,-0.029813
0.000000051200,-0.029789
0.000000051250,-0.029774
0.000000051300,-0.029765
0.000000051350,-0.029762
0.000000051400,-0.029767
0.000000051450,-0.029780
0.000000051500,-0.029802
0.000000051550,-0.029832
0.000000051600,-0.029869
0.000000051650,-0.029915
0.000000051700,-0.029968
0.000000051750,-0.030031
0.000000051800,-0.030100
0.000000051850,-0.030179
0.000000051900,-0.030267
0.000000051950,-0.030361
0.000000052000,-0.030465
0.000000052050,-0.030576
0.000000052100,-0.030696
0.000000052150,-0.030824
0.000000052200,-0.030957
0.000000052250,-0.031102
0.000000052300,-0.031251
0.000000052350,-0.031407
0.000000052400,-0.031570
0.000000052450,-0.031738
0.000000052500,-0.031913
0.000000052550,-0.032093
0.000000052600,-0.032279
0.000000052650,-0.032469
0.000000052700,-0.032665
0.000000052750,-0.032862
0.000000052800,-0.033063
0.000000052850,-0.033271
0.000000052900,-0.033478
0.000000052950,-0.033690
0.000000053000,-0.033901
0.000000053050,-0.034117
0.000000053100,-0.034331
0.000000053150,-0.034544
0.000000053200,-0.034761
0.000000053250,-0.034974
0.000000053300,-0.035186
0.000000053350,-0.035398
0.000000053400,-0.035609
0.000000053450,-0.035816
0.000000053500,-0.036019
0.000000053550,-0.036220
0.000000053600,-0.036418
0.000000053650,-0.036611
0.000000053700,-0.036799
0.000000053750,-0.036982
0.000000053800,-0.037163
0.000000053850,-0.037335
0.000000053900,-0.037501
0.000000053950,-0.037662
0.000000054000,-0.037819
0.000000054050,-0.037966
0.000000054100,-0.038106
0.000000054150,-0.038240
0.000000054200,-0.038366
0.000000054250,-0.038485
0.000000054300,-0.038596
0.000000054350,-0.038698
0.000000054400,-0.038791
0.000000054450,-0.038877
0.000000054500,-0.038957
0.000000054550,-0.039026
0.000000054600,-0.039088
0.000000054650,-0.039140
0.000000054700,-0.039185
0.000000054750,-0.039221
0.000000054800,-0.039249
0.000000054850,-0.039267
0.000000054900,-0.039279
0.000000054950,-0.039279
0.000000055000,-0.039274
0.000000055050,-0.039258
0.000000055100,-0.039236
0.000000055150,-0.039202
0.000000055200,-0.039164
0.000000055250,-0.039115
0.000000055300,-0.039060
0.000000055350,-0.038997
0.000000055400,-0.038925
0.000000055450,-0.038846
0.000000055500,-0.038758
0.000000055550,-0.038663
0.000000055600,-0.038561
0.000000055650,-0.038450
0.000000055700,-0.038334
0.000000055750,-0.038209
0.000000055800,-0.038076
0.000000055850,-0.037936
0.000000055900,-0.037791
0.000000055950,-0.037637
0.000000056000,-0.037474
0.000000056050,-0.037308
0.000000056100,-0.037134
0.000000056150,-0.036953
0.000000056200,-0.036763
0.000000056250,-0.036568
0.000000056300,-0.036366
0.000000056350,-0.036157
0.000000056400,-0.035939
0.000000056450,-0.035716
0.000000056500,-0.035487
0.000000056550,-0.035251
0.000000056600,-0.035008
0.000000056650,-0.034758
0.000000056700,-0.034501
0.000000056750,-0.034238
0.000000056800,-0.033968
0.000000056850,-0.033690
0.000000056900,-0.033406
0.000000056950,-0.033117
0.000000057000,-0.032819
0.000000057050,-0.032517
0.000000057100,-0.032206
0.000000057150,-0.031889
0.000000057200,-0.031565
0.000000057250,-0.031239
0.000000057300,-0.030904
0.000000057350,-0.030563
0.000000057400,-0.030214
0.000000057450,-0.029862
0.000000057500,-0.029504
0.000000057550,-0.029140
0.000000057600,-0.028770
0.000000057650,-0.028396
0.000000057700,-0.028016
0.000000057750,-0.027633
0.000000057800,-0.027246
0.000000057850,-0.026852
0.000000057900,-0.026457
0.000000057950,-0.026057
0.000000058000,-0.025656
0.000000058050,-0.025250
0.000000058100,-0.024842
0.000000058150,-0.024431
0.000000058200,-0.024019
0.000000058250,-0.023607
0.000000058300,-0.023194
0.000000058350,-0.022778
0.000000058400,-0.022363
0.000000058450,-0.021949
0.000000058500,-0.021535
0.000000058550,-0.021125
0.000000058600,-0.020712
0.000000058650,-0.020305
0.000000058700,-0.019898
0.000000058750,-0.019495
0.000000058800,-0.019096
0.000000058850,-0.018701
0.000000058900,-0.018310
0.000000058950,-0.017926
0.000000059000,-0.017544
0.000000059050,-0.017171
0.000000059100,-0.016804
0.000000059150,-0.016444
0.000000059200,-0.016090
0.000000059250,-0.015743
0.000000059300,-0.015405
0.000000059350,-0.015076
0.000000059400,-0.014758
0.000000059450,-0.014444
0.000000059500,-0.014144
0.000000059550,-0.013851
0.000000059600,-0.013572
0.000000059650,-0.013301
0.000000059700,-0.013042
0.000000059750,-0.012793
0.000000059800,-0.012557
0.000000059850,-0.012331
0.000000059900,-0.012119
0.000000059950,-0.011916
0.000000060000,-0.011726
0.000000060050,-0.011550
0.000000060100,-0.011383
0.000000060150,-0.011233
0.000000060200,-0.011091
0.000000060250,-0.010965
0.000000060300,-0.010850
0.000000060350,-0.010748
0.000000060400,-0.010655
0.000000060450,-0.010579
0.000000060500,-0.010513
0.000000060550,-0.010460
0.000000060600,-0.010419
0.000000060650,-0.010391
0.000000060700,-0.010373
0.000000060750,-0.010365
0.000000060800,-0.010374
0.000000060850,-0.010391
0.000000060900,-0.010420
0.000000060950,-0.010459
0.000000061000,-0.010509
0.000000061050,-0.010572
0.000000061100,-0.010644
0.000000061150,-0.010727
0.000000061200,-0.010817
0.000000061250,-0.010918
0.000000061300,-0.011029
0.000000061350,-0.011148
0.000000061400,-0.011278
0.000000061450,-0.011417
0.000000061500,-0.011564
0.000000061550,-0.011718
0.000000061600,-0.011881
0.000000061650,-0.012053
0.000000061700,-0.012230
0.000000061750,-0.012417
0.000000061800,-0.012611
0.000000061850,-0.012811
0.000000061900,-0.013019
0.000000061950,-0.013231
0.000000062000,-0.013454
0.000000062050,-0.013681
0.000000062100,-0.013914
0.000000062150,-0.014155
0.000000062200,-0.014402
0.000000062250,-0.014652
0.000000062300,-0.014912
0.000000062350,-0.015172
0.000000062400,-0.015442
0.000000062450,-0.015717
0.000000062500,-0.015994
0.000000062550,-0.016282
0.000000062600,-0.016571
0.000000062650,-0.016868
0.000000062700,-0.017169
0.000000062750,-0.017474
0.000000062800,-0.017784
0.000000062850,-0.018098
0.000000062900,-0.018417
0.000000062950,-0.018743
0.000000063000,-0.019072
0.000000063050,-0.019403
0.000000063100,-0.019741
0.000000063150,-0.020083
0.000000063200,-0.020429
0.000000063250,-0.020776
0.000000063300,-0.021129
0.000000063350,-0.021484
0.000000063400,-0.021844
0.000000063450,-0.022205
0.000000063500,-0.022571
0.000000063550,-0.022937
0.000000063600,-0.023307
0.000000063650,-0.023680
0.000000063700,-0.024051
0.000000063750,-0.024425
0.000000063800,-0.024801
0.000000063850,-0.025175
0.000000063900,-0.025553
0.000000063950,-0.025929
0.000000064000,-0.026303
0.000000064050,-0.026678
0.000000064100,-0.027051
0.000000064150,-0.027421
0.000000064200,-0.027789
0.000000064250,-0.028156
0.000000064300,-0.028519
0.000000064350,-0.028875
0.000000064400,-0.029229
0.000000064450,-0.029576
0.000000064500,-0.029920
0.000000064550,-0.030256
0.000000064600,-0.030586
0.000000064650,-0.030908
0.000000064700,-0.031221
0.000000064750,-0.031526
0.000000064800,-0.031823
0.000000064850,-0.032109
0.000000064900,-0.032385
0.000000064950,-0.032651
0.000000065000,-0.032904
0.000000065050,-0.033146
0.000000065100,-0.033374
0.000000065150,-0.033589
0.000000065200,-0.033792
0.000000065250,-0.033980
0.000000065300,-0.034153
0.000000065350,-0.034313
0.000000065400,-0.034456
0.000000065450,-0.034581
0.000000065500,-0.034694
0.000000065550,-0.034787
0.000000065600,-0.034866
0.000000065650,-0.034928
0.000000065700,-0.034970
0.000000065750,-0.034994
0.000000065800,-0.035003
0.000000065850,-0.034994
0.000000065900,-0.034966
0.000000065950,-0.034922
0.000000066000,-0.034857
0.000000066050,-0.034777
0.000000066100,-0.034678
0.000000066150,-0.034561
0.000000066200,-0.034428
0.000000066250,-0.034276
0.000000066300,-0.034109
0.000000066350,-0.033923
0.000000066400,-0.033723
0.000000066450,-0.033505
0.000000066500,-0.033274
0.000000066550,-0.033026
0.000000066600,-0.032764
0.000000066650,-0.032488
0.000000066700,-0.032198
0.000000066750,-0.031896
0.000000066800,-0.031581
0.000000066850,-0.031256
0.000000066900,-0.030918
0.000000066950,-0.030571
0.000000067000,-0.030213
0.000000067050,-0.029848
0.000000067100,-0.029475
0.000000067150,-0.029094
0.000000067200,-0.028707
0.000000067250,-0.028314
0.000000067300,-0.027916
0.000000067350,-0.027515
0.000000067400,-0.027111
0.000000067450,-0.026703
0.000000067500,-0.026296
0.000000067550,-0.025887
0.000000067600,-0.025478
0.000000067650,-0.025070
0.000000067700,-0.024664
0.000000067750,-0.024261
0.000000067800,-0.023861
0.000000067850,-0.023465
0.000000067900,-0.023074
0.000000067950,-0.022687
0.000000068000,-0.022308
0.000000068050,-0.021934
0.000000068100,-0.021571
0.000000068150,-0.021214
0.000000068200,-0.020863
0.000000068250,-0.020526
0.000000068300,-0.020196
0.000000068350,-0.019875
0.000000068400,-0.019565
0.000000068450,-0.019267
0.000000068500,-0.018979
0.000000068550,-0.018708
0.000000068600,-0.018444
0.000000068650,-0.018194
0.000000068700,-0.017956
0.000000068750,-0.017731
0.000000068800,-0.017522
0.000000068850,-0.017323
0.000000068900,-0.017139
0.000000068950,-0.016966
0.000000069000,-0.016808
0.000000069050,-0.016664
0.000000069100,-0.016534
0.000000069150,-0.016417
0.000000069200,-0.016314
0.000000069250,-0.016225
0.000000069300,-0.016149
0.000000069350,-0.016086
0.000000069400,-0.016035
0.000000069450,-0.015999
0.000000069500,-0.015975
0.000000069550,-0.015964
0.000000069600,-0.015966
0.000000069650,-0.015979
0.000000069700,-0.016007
0.000000069750,-0.016046
0.000000069800,-0.016096
0.000000069850,-0.016159
0.000000069900,-0.016230
0.000000069950,-0.016315
0.000000070000,-0.016411
0.000000070050,-0.016515
0.000000070100,-0.016632
0.000000070150,-0.016757
0.000000070200,-0.016895
0.000000070250,-0.017043
0.000000070300,-0.017198
0.000000070350,-0.017363
0.000000070400,-0.017539
0.000000070450,-0.017720
0.000000070500,-0.017913
0.000000070550,-0.018115
0.000000070600,-0.018324
0.000000070650,-0.018542
0.000000070700,-0.018767
0.000000070750,-0.019000
0.000000070800,-0.019243
0.000000070850,-0.019492
0.000000070900,-0.019748
0.000000070950,-0.020013
0.000000071000,-0.020283
0.000000071050,-0.020563
0.000000071100,-0.020847
0.000000071150,-0.021138
0.000000071200,-0.021437
0.000000071250,-0.021742
0.000000071300,-0.022054
0.000000071350,-0.022371
0.000000071400,-0.022694
0.000000071450,-0.023023
0.000000071500,-0.023358
0.000000071550,-0.023697
0.000000071600,-0.024043
0.000000071650,-0.024393
0.000000071700,-0.024748
0.000000071750,-0.025109
0.000000071800,-0.025473
0.000000071850,-0.025839
0.000000071900,-0.026212
0.000000071950,-0.026586
0.000000072000,-0.026966
0.000000072050,-0.027344
0.000000072100,-0.027727
0.000000072150,-0.028113
0.000000072200,-0.028499
0.000000072250,-0.028885
0.000000072300,-0.029275
0.000000072350,-0.029662
0.000000072400,-0.030050
0.000000072450,-0.030438
0.000000072500,-0.030823
0.000000072550,-0.031204
0.000000072600,-0.031585
0.000000072650,-0.031961
0.000000072700,-0.032336
0.000000072750,-0.032704
0.000000072800,-0.033068
0.000000072850,-0.033425
0.000000072900,-0.033778
0.000000072950,-0.034122
0.000000073000,-0.034458
0.000000073050,-0.034785
0.000000073100,-0.035105
0.000000073150,-0.035414
0.000000073200,-0.035712
0.000000073250,-0.036000
0.000000073300,-0.036274
0.000000073350,-0.036536
0.000000073400,-0.036785
0.000000073450,-0.037021
0.000000073500,-0.037241
0.000000073550,-0.037444
0.000000073600,-0.037634
0.000000073650,-0.037807
0.000000073700,-0.037963
0.000000073750,-0.038100
0.000000073800,-0.038218
0.000000073850,-0.038321
0.000000073900,-0.038402
0.000000073950,-0.038465
0.000000074000,-0.038509
0.000000074050,-0.038533
0.000000074100,-0.038535
0.000000074150,-0.038518
0.000000074200,-0.038481
0.000000074250,-0.038421
0.000000074300,-0.038342
0.000000074350,-0.038238
0.000000074400,-0.038116
0.000000074450,-0.037973
0.000000074500,-0.037809
0.000000074550,-0.037625
0.000000074600,-0.037419
0.000000074650,-0.037194
0.000000074700,-0.036947
0.000000074750,-0.036683
0.000000074800,-0.036399
0.000000074850,-0.036095
0.000000074900,-0.035775
0.000000074950,-0.035437
0.000000075000,-0.035080
0.000000075050,-0.034709
0.000000075100,-0.034321
0.000000075150,-0.033917
0.000000075200,-0.033500
0.000000075250,-0.033071
0.000000075300,-0.032627
0.000000075350,-0.032171
0.000000075400,-0.031707
0.000000075450,-0.031231
0.000000075500,-0.030748
0.000000075550,-0.030254
0.000000075600,-0.029753
0.000000075650,-0.029246
0.000000075700,-0.028737
0.000000075750,-0.028221
0.000000075800,-0.027703
0.000000075850,-0.027180
0.000000075900,-0.026660
0.000000075950,-0.026137
0.000000076000,-0.025617
0.000000076050,-0.025095
0.000000076100,-0.024576
0.000000076150,-0.024064
0.000000076200,-0.023554
0.000000076250,-0.023050
0.000000076300,-0.022553
0.000000076350,-0.022061
0.000000076400,-0.021577
0.000000076450,-0.021101
0.000000076500,-0.020634
0.000000076550,-0.020177
0.000000076600,-0.019732
0.000000076650,-0.019297
0.000000076700,-0.018872
0.000000076750,-0.018460
0.000000076800,-0.018059
0.000000076850,-0.017672
0.000000076900,-0.017296
0.000000076950,-0.016936
0.000000077000,-0.016585
0.000000077050,-0.016251
0.000000077100,-0.015928
0.000000077150,-0.015621
0.000000077200,-0.015325
0.000000077250,-0.015045
0.000000077300,-0.014777
0.000000077350,-0.014521
0.000000077400,-0.014281
0.000000077450,-0.014051
0.000000077500,-0.013833
0.000000077550,-0.013630
0.000000077600,-0.013436
0.000000077650,-0.013255
0.000000077700,-0.013085
0.000000077750,-0.012922
0.000000077800,-0.012771
0.000000077850,-0.012628
0.000000077900,-0.012496
0.000000077950,-0.012371
0.000000078000,-0.012252
0.000000078050,-0.012139
0.000000078100,-0.012036
0.000000078150,-0.011934
0.000000078200,-0.011839
0.000000078250,-0.011746
0.000000078300,-0.011660
0.000000078350,-0.011574
0.000000078400,-0.011489
0.000000078450,-0.011408
0.000000078500,-0.011325
0.000000078550,-0.011244
0.000000078600,-0.011162
0.000000078650,-0.011077
0.000000078700,-0.010991
0.000000078750,-0.010902
0.000000078800,-0.010813
0.000000078850,-0.010716
0.000000078900,-0.010619
0.000000078950,-0.010517
0.000000079000,-0.010409
0.000000079050,-0.010297
0.000000079100,-0.010180
0.000000079150,-0.010056
0.000000079200,-0.009927
0.000000079250,-0.009790
0.000000079300,-0.009648
0.000000079350,-0.009499
0.000000079400,-0.009344
0.000000079450,-0.009184
0.000000079500,-0.009014
0.000000079550,-0.008840
0.000000079600,-0.008658
0.000000079650,-0.008472
0.000000079700,-0.008277
0.000000079750,-0.008079
0.000000079800,-0.007875
0.000000079850,-0.007665
0.000000079900,-0.007450
0.000000079950,-0.007230
0.000000080000,-0.007006
0.000000080050,-0.006781
0.000000080100,-0.006549
0.000000080150,-0.006317
0.000000080200,-0.006080
0.000000080250,-0.005844
0.000000080300,-0.005604
0.000000080350,-0.005368
0.000000080400,-0.005127
0.000000080450,-0.004891
0.000000080500,-0.004653
0.000000080550,-0.004419
0.000000080600,-0.004186
0.000000080650,-0.003957
0.000000080700,-0.003731
0.000000080750,-0.003510
0.000000080800,-0.003292
0.000000080850,-0.003084
0.000000080900,-0.002880
0.000000080950,-0.002682
0.000000081000,-0.002491
0.000000081050,-0.002311
0.000000081100,-0.002138
0.000000081150,-0.001974
0.000000081200,-0.001818
0.000000081250,-0.001673
0.000000081300,-0.001538
0.000000081350,-0.001417
0.000000081400,-0.001305
0.000000081450,-0.001203
0.000000081500,-0.001114
0.000000081550,-0.001039
0.000000081600,-0.000974
0.000000081650,-0.000922
0.000000081700,-0.000884
0.000000081750,-0.000858
0.000000081800,-0.000845
0.000000081850,-0.000847
0.000000081900,-0.000860
0.000000081950,-0.000888
0.000000082000,-0.000926
0.000000082050,-0.000979
0.000000082100,-0.001045
0.000000082150,-0.001123
0.000000082200,-0.001213
0.000000082250,-0.001317
0.000000082300,-0.001430
0.000000082350,-0.001558
0.000000082400,-0.001698
0.000000082450,-0.001846
0.000000082500,-0.002003
0.000000082550,-0.002175
0.000000082600,-0.002355
0.000000082650,-0.002544
0.000000082700,-0.002741
0.000000082750,-0.002948
0.000000082800,-0.003162
0.000000082850,-0.003381
0.000000082900,-0.003610
0.000000082950,-0.003846
0.000000083000,-0.004085
0.000000083050,-0.004331
0.000000083100,-0.004580
0.000000083150,-0.004833
0.000000083200,-0.005088
0.000000083250,-0.005348
0.000000083300,-0.005609
0.000000083350,-0.005871
0.000000083400,-0.006135
0.000000083450,-0.006398
0.000000083500,-0.006661
0.000000083550,-0.006923
0.000000083600,-0.007183
0.000000083650,-0.007444
0.000000083700,-0.007697
0.000000083750,-0.007950
0.000000083800,-0.008199
0.000000083850,-0.008445
0.000000083900,-0.008683
0.000000083950,-0.008919
0.000000084000,-0.009149
0.000000084050,-0.009373
0.000000084100,-0.009591
0.000000084150,-0.009801
0.000000084200,-0.010003
0.000000084250,-0.010201
0.000000084300,-0.010390
0.000000084350,-0.010571
0.000000084400,-0.010742
0.000000084450,-0.010906
0.000000084500,-0.011061
0.000000084550,-0.011207
0.000000084600,-0.011345
0.000000084650,-0.011473
0.000000084700,-0.011589
0.000000084750,-0.011701
0.000000084800,-0.011800
0.000000084850,-0.011890
0.000000084900,-0.011972
0.000000084950,-0.012043
0.000000085000,-0.012105
0.000000085050,-0.012159
0.000000085100,-0.012203
0.000000085150,-0.012238
0.000000085200,-0.012262
0.000000085250,-0.012278
0.000000085300,-0.012287
0.000000085350,-0.012286
0.000000085400,-0.012277
0.000000085450,-0.012260
0.000000085500,-0.012234
0.000000085550,-0.012201
0.000000085600,-0.012160
0.000000085650,-0.012114
0.000000085700,-0.012059
0.000000085750,-0.011998
0.000000085800,-0.011932
0.000000085850,-0.011858
0.000000085900,-0.011779
0.000000085950,-0.011695
0.000000086000,-0.011605
0.000000086050,-0.011512
0.000000086100,-0.011414
0.000000086150,-0.011312
0.000000086200,-0.011206
0.000000086250,-0.011098
0.000000086300,-0.010985
0.000000086350,-0.010871
0.000000086400,-0.010756
0.000000086450,-0.010637
0.000000086500,-0.010520
0.000000086550,-0.010397
0.000000086600,-0.010276
0.000000086650,-0.010156
0.000000086700,-0.010034
0.000000086750,-0.009913
0.000000086800,-0.009793
0.000000086850,-0.009673
0.000000086900,-0.009555
0.000000086950,-0.009438
0.000000087000,-0.009324
0.000000087050,-0.009211
0.000000087100,-0.009101
0.000000087150,-0.008992
0.000000087200,-0.008888
0.000000087250,-0.008786
0.000000087300,-0.008688
0.000000087350,-0.008595
0.000000087400,-0.008503
0.000000087450,-0.008416
0.000000087500,-0.008334
0.000000087550,-0.008256
0.000000087600,-0.008181
0.000000087650,-0.008112
0.000000087700,-0.008047
0.000000087750,-0.007986
0.000000087800,-0.007930
0.000000087850,-0.007880
0.000000087900,-0.007833
0.000000087950,-0.007791
0.000000088000,-0.007754
0.000000088050,-0.007721
0.000000088100,-0.007694
0.000000088150,-0.007672
0.000000088200,-0.007653
0.000000088250,-0.007638
0.000000088300,-0.007628
0.000000088350,-0.007623
0.000000088400,-0.007622
0.000000088450,-0.007622
0.000000088500,-0.007629
0.000000088550,-0.007638
0.000000088600,-0.007651
0.000000088650,-0.007665
0.000000088700,-0.007683
0.000000088750,-0.007704
0.000000088800,-0.007727
0.000000088850,-0.007753
0.000000088900,-0.007778
0.000000088950,-0.007808
0.000000089000,-0.007838
0.000000089050,-0.007868
0.000000089100,-0.007899
0.000000089150,-0.007930
0.000000089200,-0.007964
0.000000089250,-0.007996
0.000000089300,-0.008026
0.000000089350,-0.008059
0.000000089400,-0.008089
0.000000089450,-0.008117
0.000000089500,-0.008143
0.000000089550,-0.008171
0.000000089600,-0.008194
0.000000089650,-0.008217
0.000000089700,-0.008237
0.000000089750,-0.008254
0.000000089800,-0.008270
0.000000089850,-0.008281
0.000000089900,-0.008292
0.000000089950,-0.008298
0.000000090000,-0.008302
0.000000090050,-0.008305
0.000000090100,-0.008300
0.000000090150,-0.008293
0.000000090200,-0.008287
0.000000090250,-0.008275
0.000000090300,-0.008261
0.000000090350,-0.008242
0.000000090400,-0.008221
0.000000090450,-0.008201
0.000000090500,-0.008174
0.000000090550,-0.008147
0.000000090600,-0.008116
0.000000090650,-0.008086
0.000000090700,-0.008053
0.000000090750,-0.008018
0.000000090800,-0.007984
0.000000090850,-0.007948
0.000000090900,-0.007913
0.000000090950,-0.007875
0.000000091000,-0.007843
0.000000091050,-0.007807
0.000000091100,-0.007774
0.000000091150,-0.007746
0.000000091200,-0.007718
0.000000091250,-0.007690
0.000000091300,-0.007669
0.000000091350,-0.007650
0.000000091400,-0.007637
0.000000091450,-0.007629
0.000000091500,-0.007627
0.000000091550,-0.007627
0.000000091600,-0.007637
0.000000091650,-0.007653
0.000000091700,-0.007676
0.000000091750,-0.007708
0.000000091800,-0.007746
0.000000091850,-0.007796
0.000000091900,-0.007853
0.000000091950,-0.007920
0.000000092000,-0.007996
0.000000092050,-0.008086
0.000000092100,-0.008185
0.000000092150,-0.008294
0.000000092200,-0.008413
0.000000092250,-0.008547
0.000000092300,-0.008691
0.000000092350,-0.008847
0.000000092400,-0.009014
0.000000092450,-0.009195
0.000000092500,-0.009388
0.000000092550,-0.009593
0.000000092600,-0.009811
0.000000092650,-0.010039
0.000000092700,-0.010279
0.000000092750,-0.010531
0.000000092800,-0.010797
0.000000092850,-0.011071
0.000000092900,-0.011356
0.000000092950,-0.011654
0.000000093000,-0.011960
0.000000093050,-0.012278
0.000000093100,-0.012602
0.000000093150,-0.012935
0.000000093200,-0.013276
0.000000093250,-0.013625
0.000000093300,-0.013980
0.000000093350,-0.014340
0.000000093400,-0.014705
0.000000093450,-0.015077
0.000000093500,-0.015448
0.000000093550,-0.015823
0.000000093600,-0.016201
0.000000093650,-0.016578
0.000000093700,-0.016954
0.000000093750,-0.017330
0.000000093800,-0.017701
0.000000093850,-0.018071
0.000000093900,-0.018436
0.000000093950,-0.018794
0.000000094000,-0.019145
0.000000094050,-0.019491
0.000000094100,-0.019826
0.000000094150,-0.020153
0.000000094200,-0.020468
0.000000094250,-0.020772
0.000000094300,-0.021061
0.000000094350,-0.021339
0.000000094400,-0.021601
0.000000094450,-0.021849
0.000000094500,-0.022077
0.000000094550,-0.022292
0.000000094600,-0.022487
0.000000094650,-0.022663
0.000000094700,-0.022822
0.000000094750,-0.022958
0.000000094800,-0.023076
0.000000094850,-0.023170
0.000000094900,-0.023243
0.000000094950,-0.023296
0.000000095000,-0.023325
0.000000095050,-0.023329
0.000000095100,-0.023314
0.000000095150,-0.023275
0.000000095200,-0.023211
0.000000095250,-0.023126
0.000000095300,-0.023017
0.000000095350,-0.022884
0.000000095400,-0.022730
0.000000095450,-0.022553
0.000000095500,-0.022354
0.000000095550,-0.022132
0.000000095600,-0.021892
0.000000095650,-0.021628
0.000000095700,-0.021346
0.000000095750,-0.021043
0.000000095800,-0.020722
0.000000095850,-0.020381
0.000000095900,-0.020024
0.000000095950,-0.019652
0.000000096000,-0.019265
0.000000096050,-0.018862
0.000000096100,-0.018447
0.000000096150,-0.018020
0.000000096200,-0.017581
0.000000096250,-0.017132
0.000000096300,-0.016675
0.000000096350,-0.016210
0.000000096400,-0.015740
0.000000096450,-0.015264
0.000000096500,-0.014783
0.000000096550,-0.014300
0.000000096600,-0.013817
0.000000096650,-0.013333
0.000000096700,-0.012849
0.000000096750,-0.012370
0.000000096800,-0.011894
0.000000096850,-0.011420
0.000000096900,-0.010955
0.000000096950,-0.010493
0.000000097000,-0.010041
0.000000097050,-0.009599
0.000000097100,-0.009166
0.000000097150,-0.008745
0.000000097200,-0.008335
0.000000097250,-0.007938
0.000000097300,-0.007554
0.000000097350,-0.007185
0.000000097400,-0.006832
0.000000097450,-0.006492
0.000000097500,-0.006171
0.000000097550,-0.005866
0.000000097600,-0.005577
0.000000097650,-0.005305
0.000000097700,-0.005052
0.000000097750,-0.004815
0.000000097800,-0.004598
0.000000097850,-0.004398
0.000000097900,-0.004217
0.000000097950,-0.004053
0.000000098000,-0.003908
0.000000098050,-0.003780
0.000000098100,-0.003670
0.000000098150,-0.003577
0.000000098200,-0.003497
0.000000098250,-0.003439
0.000000098300,-0.003393
0.000000098350,-0.003362
0.000000098400,-0.003346
0.000000098450,-0.003346
0.000000098500,-0.003356
0.000000098550,-0.003380
0.000000098600,-0.003414
0.000000098650,-0.003459
0.000000098700,-0.003514
0.000000098750,-0.003576
0.000000098800,-0.003650
0.000000098850,-0.003729
0.000000098900,-0.003811
0.000000098950,-0.003903
0.000000099000,-0.003995
0.000000099050,-0.004093
0.000000099100,-0.004191
0.000000099150,-0.004290
0.000000099200,-0.004391
0.000000099250,-0.004492
0.000000099300,-0.004590
0.000000099350,-0.004687
0.000000099400,-0.004778
0.000000099450,-0.004867
0.000000099500,-0.004950
0.000000099550,-0.005029
0.000000099600,-0.005102
0.000000099650,-0.005168
0.000000099700,-0.005227
0.000000099750,-0.005279
0.000000099800,-0.005317
0.000000099850,-0.005352
0.000000099900,-0.005374
0.000000099950,-0.005391
0.000000100000,-0.005395
0.000000100050,-0.005389
0.000000100100,-0.005374
0.000000100150,-0.005351
0.000000100200,-0.005314
0.000000100250,-0.005268
0.000000100300,-0.005214
0.000000100350,-0.005149
0.000000100400,-0.005076
0.000000100450,-0.004992
0.000000100500,-0.004901
0.000000100550,-0.004801
0.000000100600,-0.004693
0.000000100650,-0.004578
0.000000100700,-0.004456
0.000000100750,-0.004329
0.000000100800,-0.004194
0.000000100850,-0.004057
0.000000100900,-0.003914
0.000000100950,-0.003769
0.000000101000,-0.003620
0.000000101050,-0.003471
0.000000101100,-0.003320
0.000000101150,-0.003169
0.000000101200,-0.003021
0.000000101250,-0.002870
0.000000101300,-0.002725
0.000000101350,-0.002583
0.000000101400,-0.002445
0.000000101450,-0.002312
0.000000101500,-0.002184
0.000000101550,-0.002063
0.000000101600,-0.001951
0.000000101650,-0.001846
0.000000101700,-0.001750
0.000000101750,-0.001664
0.000000101800,-0.001589
0.000000101850,-0.001523
0.000000101900,-0.001472
0.000000101950,-0.001428
0.000000102000,-0.001400
0.000000102050,-0.001384
0.000000102100,-0.001381
0.000000102150,-0.001393
0.000000102200,-0.001419
0.000000102250,-0.001459
0.000000102300,-0.001513
0.000000102350,-0.001579
0.000000102400,-0.001663
0.000000102450,-0.001762
0.000000102500,-0.001873
0.000000102550,-0.001997
0.000000102600,-0.002138
0.000000102650,-0.002291
0.000000102700,-0.002459
0.000000102750,-0.002638
0.000000102800,-0.002830
0.000000102850,-0.003034
0.000000102900,-0.003250
0.000000102950,-0.003479
0.000000103000,-0.003716
0.000000103050,-0.003962
0.000000103100,-0.004219
0.000000103150,-0.004483
0.000000103200,-0.004754
0.000000103250,-0.005033
0.000000103300,-0.005314
0.000000103350,-0.005603
0.000000103400,-0.005895
0.000000103450,-0.006191
0.000000103500,-0.006487
0.000000103550,-0.006785
0.000000103600,-0.007082
0.000000103650,-0.007378
0.000000103700,-0.007674
0.000000103750,-0.007968
0.000000103800,-0.008255
0.000000103850,-0.008540
0.000000103900,-0.008816
0.000000103950,-0.009087
0.000000104000,-0.009350
0.000000104050,-0.009607
0.000000104100,-0.009853
0.000000104150,-0.010088
0.000000104200,-0.010313
0.000000104250,-0.010524
0.000000104300,-0.010727
0.000000104350,-0.010914
0.000000104400,-0.011090
0.000000104450,-0.011250
0.000000104500,-0.011397
0.000000104550,-0.011526
0.000000104600,-0.011643
0.000000104650,-0.011743
0.000000104700,-0.011825
0.000000104750,-0.011892
0.000000104800,-0.011944
0.000000104850,-0.011976
0.000000104900,-0.011994
0.000000104950,-0.011993
0.000000105000,-0.011975
0.000000105050,-0.011941
0.000000105100,-0.011890
0.000000105150,-0.011822
0.000000105200,-0.011738
0.000000105250,-0.011639
0.000000105300,-0.011522
0.000000105350,-0.011392
0.000000105400,-0.011246
0.000000105450,-0.011084
0.000000105500,-0.010909
0.000000105550,-0.010719
0.000000105600,-0.010515
0.000000105650,-0.010303
0.000000105700,-0.010075
0.000000105750,-0.009836
0.000000105800,-0.009585
0.000000105850,-0.009328
0.000000105900,-0.009059
0.000000105950,-0.008781
0.000000106000,-0.008496
0.000000106050,-0.008202
0.000000106100,-0.007902
0.000000106150,-0.007598
0.000000106200,-0.007286
0.000000106250,-0.006972
0.000000106300,-0.006651
0.000000106350,-0.006330
0.000000106400,-0.006005
0.000000106450,-0.005679
0.000000106500,-0.005351
0.000000106550,-0.005024
0.000000106600,-0.004695
0.000000106650,-0.004368
0.000000106700,-0.004046
0.000000106750,-0.003720
0.000000106800,-0.003401
0.000000106850,-0.003083
0.000000106900,-0.002770
0.000000106950,-0.002461
0.000000107000,-0.002156
0.000000107050,-0.001857
0.000000107100,-0.001562
0.000000107150,-0.001272
0.000000107200,-0.000990
0.000000107250,-0.000714
0.000000107300,-0.000445
0.000000107350,-0.000182
0.000000107400,0.000073
0.000000107450,0.000322
0.000000107500,0.000562
0.000000107550,0.000794
0.000000107600,0.001019
0.000000107650,0.001237
0.000000107700,0.001446
0.000000107750,0.001648
0.000000107800,0.001841
0.000000107850,0.002027
0.000000107900,0.002204
0.000000107950,0.002373
0.000000108000,0.002535
0.000000108050,0.002689
0.000000108100,0.002836
0.000000108150,0.002975
0.000000108200,0.003107
0.000000108250,0.003228
0.000000108300,0.003347
0.000000108350,0.003456
0.000000108400,0.003559
0.000000108450,0.003657
0.000000108500,0.003747
0.000000108550,0.003831
0.000000108600,0.003909
0.000000108650,0.003980
0.000000108700,0.004045
0.000000108750,0.004107
0.000000108800,0.004161
0.000000108850,0.004211
0.000000108900,0.004256
0.000000108950,0.004295
0.000000109000,0.004330
0.000000109050,0.004362
0.000000109100,0.004388
0.000000109150,0.004410
0.000000109200,0.004429
0.000000109250,0.004444
0.000000109300,0.004454
0.000000109350,0.004463
0.000000109400,0.004468
0.000000109450,0.004469
0.000000109500,0.004467
0.000000109550,0.004463
0.000000109600,0.004456
0.000000109650,0.004449
0.000000109700,0.004437
0.000000109750,0.004424
0.000000109800,0.004410
0.000000109850,0.004392
0.000000109900,0.004374
0.000000109950,0.004353
0.000000110000,0.004332
0.000000110050,0.004309
0.000000110100,0.004286
0.000000110150,0.004260
0.000000110200,0.004235
0.000000110250,0.004209
0.000000110300,0.004183
0.000000110350,0.004157
0.000000110400,0.004130
0.000000110450,0.004105
0.000000110500,0.004078
0.000000110550,0.004052
0.000000110600,0.004027
0.000000110650,0.004002
0.000000110700,0.003978
0.000000110750,0.003955
0.000000110800,0.003935
0.000000110850,0.003913
0.000000110900,0.003893
0.000000110950,0.003877
0.000000111000,0.003862
0.000000111050,0.003847
0.000000111100,0.003836
0.000000111150,0.003826
0.000000111200,0.003817
0.000000111250,0.003812
0.000000111300,0.003810
0.000000111350,0.003810
0.000000111400,0.003811
0.000000111450,0.003815
0.000000111500,0.003823
0.000000111550,0.003833
0.000000111600,0.003845
0.000000111650,0.003859
0.000000111700,0.003879
0.000000111750,0.003897
0.000000111800,0.003921
0.000000111850,0.003945
0.000000111900,0.003973
0.000000111950,0.004003
0.000000112000,0.004034
0.000000112050,0.004067
0.000000112100,0.004102
0.000000112150,0.004137
0.000000112200,0.004177
0.000000112250,0.004215
0.000000112300,0.004254
0.000000112350,0.004293
0.000000112400,0.004333
0.000000112450,0.004373
0.000000112500,0.004411
0.000000112550,0.004449
0.000000112600,0.004485
0.000000112650,0.004520
0.000000112700,0.004552
0.000000112750,0.004582
0.000000112800,0.004607
0.000000112850,0.004631
0.000000112900,0.004649
0.000000112950,0.004664
0.000000113000,0.004673
0.000000113050,0.004677
0.000000113100,0.004673
0.000000113150,0.004666
0.000000113200,0.004648
0.000000113250,0.004626
0.000000113300,0.004594
0.000000113350,0.004555
0.000000113400,0.004507
0.000000113450,0.004449
0.000000113500,0.004382
0.000000113550,0.004305
0.000000113600,0.004217
0.000000113650,0.004120
0.000000113700,0.004009
0.000000113750,0.003891
0.000000113800,0.003756
0.000000113850,0.003613
0.000000113900,0.003457
0.000000113950,0.003291
0.000000114000,0.003109
0.000000114050,0.002917
0.000000114100,0.002712
0.000000114150,0.002496
0.000000114200,0.002268
0.000000114250,0.002027
0.000000114300,0.001773
0.000000114350,0.001510
0.000000114400,0.001235
0.000000114450,0.000950
0.000000114500,0.000654
0.000000114550,0.000347
0.000000114600,0.000030
0.000000114650,-0.000294
0.000000114700,-0.000629
0.000000114750,-0.000969
0.000000114800,-0.001319
0.000000114850,-0.001672
0.000000114900,-0.002034
0.000000114950,-0.002401
0.000000115000,-0.002768
0.000000115050,-0.003141
0.000000115100,-0.003516
0.000000115150,-0.003892
0.000000115200,-0.004269
0.000000115250,-0.004645
0.000000115300,-0.005018
0.000000115350,-0.005389
0.000000115400,-0.005757
0.000000115450,-0.006119
0.000000115500,-0.006476
0.000000115550,-0.006825
0.000000115600,-0.007168
0.000000115650,-0.007500
0.000000115700,-0.007822
0.000000115750,-0.008132
0.000000115800,-0.008432
0.000000115850,-0.008719
0.000000115900,-0.008988
0.000000115950,-0.009245
0.000000116000,-0.009485
0.000000116050,-0.009708
0.000000116100,-0.009913
0.000000116150,-0.010101
0.000000116200,-0.010269
0.000000116250,-0.010415
0.000000116300,-0.010544
0.000000116350,-0.010650
0.000000116400,-0.010732
0.000000116450,-0.010796
0.000000116500,-0.010836
0.000000116550,-0.010854
0.000000116600,-0.010847
0.000000116650,-0.010817
0.000000116700,-0.010765
0.000000116750,-0.010690
0.000000116800,-0.010592
0.000000116850,-0.010471
0.000000116900,-0.010327
0.000000116950,-0.010158
0.000000117000,-0.009970
0.000000117050,-0.009760
0.000000117100,-0.009530
0.000000117150,-0.009277
0.000000117200,-0.009007
0.000000117250,-0.008717
0.000000117300,-0.008409
0.000000117350,-0.008083
0.000000117400,-0.007742
0.000000117450,-0.007385
0.000000117500,-0.007013
0.000000117550,-0.006630
0.000000117600,-0.006233
0.000000117650,-0.005827
0.000000117700,-0.005412
0.000000117750,-0.004986
0.000000117800,-0.004556
0.000000117850,-0.004119
0.000000117900,-0.003678
0.000000117950,-0.003234
0.000000118000,-0.002791
0.000000118050,-0.002347
0.000000118100,-0.001904
0.000000118150,-0.001463
0.000000118200,-0.001029
0.000000118250,-0.000599
0.000000118300,-0.000175
0.000000118350,0.000239
0.000000118400,0.000642
0.000000118450,0.001036
0.000000118500,0.001417
0.000000118550,0.001786
0.000000118600,0.002137
0.000000118650,0.002476
0.000000118700,0.002796
0.000000118750,0.003100
0.000000118800,0.003385
0.000000118850,0.003650
0.000000118900,0.003895
0.000000118950,0.004118
0.000000119000,0.004320
0.000000119050,0.004499
0.000000119100,0.004658
0.000000119150,0.004792
0.000000119200,0.004904
0.000000119250,0.004993
0.000000119300,0.005059
0.000000119350,0.005099
0.000000119400,0.005116
0.000000119450,0.005112
0.000000119500,0.005082
0.000000119550,0.005031
0.000000119600,0.004955
0.000000119650,0.004860
0.000000119700,0.004741
0.000000119750,0.004604
0.000000119800,0.004444
0.000000119850,0.004266
0.000000119900,0.004069
0.000000119950,0.003854
0.000000120000,0.003622
0.000000120050,0.003374
0.000000120100,0.003111
0.000000120150,0.002834
0.000000120200,0.002546
0.000000120250,0.002245
0.000000120300,0.001936
0.000000120350,0.001615
0.000000120400,0.001287
0.000000120450,0.000951
0.000000120500,0.000611
0.000000120550,0.000268
0.000000120600,-0.000079
0.000000120650,-0.000428
0.000000120700,-0.000778
0.000000120750,-0.001126
0.000000120800,-0.001472
0.000000120850,-0.001814
0.000000120900,-0.002153
0.000000120950,-0.002486
0.000000121000,-0.002814
0.000000121050,-0.003131
0.000000121100,-0.003440
0.000000121150,-0.003741
0.000000121200,-0.004033
0.000000121250,-0.004309
0.000000121300,-0.004576
0.000000121350,-0.004830
0.000000121400,-0.005070
0.000000121450,-0.005297
0.000000121500,-0.005508
0.000000121550,-0.005704
0.000000121600,-0.005886
0.000000121650,-0.006051
0.000000121700,-0.006202
0.000000121750,-0.006335
0.000000121800,-0.006452
0.000000121850,-0.006553
0.000000121900,-0.006638
0.000000121950,-0.006707
0.000000122000,-0.006760
0.000000122050,-0.006797
0.000000122100,-0.006820
0.000000122150,-0.006829
0.000000122200,-0.006820
0.000000122250,-0.006800
0.000000122300,-0.006766
0.000000122350,-0.006720
0.000000122400,-0.006661
0.000000122450,-0.006590
0.000000122500,-0.006506
0.000000122550,-0.006416
0.000000122600,-0.006314
0.000000122650,-0.006205
0.000000122700,-0.006088
0.000000122750,-0.005966
0.000000122800,-0.005834
0.000000122850,-0.005701
0.000000122900,-0.005562
0.000000122950,-0.005420
0.000000123000,-0.005275
0.000000123050,-0.005130
0.000000123100,-0.004983
0.000000123150,-0.004837
0.000000123200,-0.004691
0.000000123250,-0.004546
0.000000123300,-0.004406
0.000000123350,-0.004268
0.000000123400,-0.004134
0.000000123450,-0.004004
0.000000123500,-0.003881
0.000000123550,-0.003763
0.000000123600,-0.003649
0.000000123650,-0.003544
0.000000123700,-0.003445
0.000000123750,-0.003355
0.000000123800,-0.003271
0.000000123850,-0.003198
0.000000123900,-0.003133
0.000000123950,-0.003075
0.000000124000,-0.003026
0.000000124050,-0.002984
0.000000124100,-0.002954
0.000000124150,-0.002931
0.000000124200,-0.002915
0.000000124250,-0.002910
0.000000124300,-0.002912
0.000000124350,-0.002921
0.000000124400,-0.002938
0.000000124450,-0.002961
0.000000124500,-0.002991
0.000000124550,-0.003031
0.000000124600,-0.003074
0.000000124650,-0.003122
0.000000124700,-0.003175
0.000000124750,-0.003232
0.000000124800,-0.003293
0.000000124850,-0.003357
0.000000124900,-0.003423
0.000000124950,-0.003489
0.000000125000,-0.003558
0.000000125050,-0.003626
0.000000125100,-0.003694
0.000000125150,-0.003762
0.000000125200,-0.003827
0.000000125250,-0.003889
0.000000125300,-0.003949
0.000000125350,-0.004003
0.000000125400,-0.004056
0.000000125450,-0.004102
0.000000125500,-0.004141
0.000000125550,-0.004175
0.000000125600,-0.004203
0.000000125650,-0.004222
0.000000125700,-0.004233
0.000000125750,-0.004237
0.000000125800,-0.004233
0.000000125850,-0.004217
0.000000125900,-0.004196
0.000000125950,-0.004163
0.000000126000,-0.004119
0.000000126050,-0.004067
0.000000126100,-0.004003
0.000000126150,-0.003931
0.000000126200,-0.003847
0.000000126250,-0.003755
0.000000126300,-0.003650
0.000000126350,-0.003534
0.000000126400,-0.003412
0.000000126450,-0.003278
0.000000126500,-0.003135
0.000000126550,-0.002980
0.000000126600,-0.002820
0.000000126650,-0.002649
0.000000126700,-0.002469
0.000000126750,-0.002284
0.000000126800,-0.002090
0.000000126850,-0.001889
0.000000126900,-0.001683
0.000000126950,-0.001469
0.000000127000,-0.001251
0.000000127050,-0.001027
0.000000127100,-0.000798
0.000000127150,-0.000568
0.000000127200,-0.000336
0.000000127250,-0.000098
0.000000127300,0.000139
0.000000127350,0.000378
0.000000127400,0.000617
0.000000127450,0.000856
0.000000127500,0.001095
0.000000127550,0.001331
0.000000127600,0.001566
0.000000127650,0.001797
0.000000127700,0.002027
0.000000127750,0.002253
0.000000127800,0.002475
0.000000127850,0.002690
0.000000127900,0.002903
0.000000127950,0.003108
0.000000128000,0.003310
0.000000128050,0.003505
0.000000128100,0.003690
0.000000128150,0.003873
0.000000128200,0.004049
0.000000128250,0.004215
0.000000128300,0.004374
0.000000128350,0.004528
0.000000128400,0.004671
0.000000128450,0.004810
0.000000128500,0.004938
0.000000128550,0.005059
0.000000128600,0.005176
0.000000128650,0.005282
0.000000128700,0.005382
0.000000128750,0.005475
0.000000128800,0.005561
0.000000128850,0.005640
0.000000128900,0.005712
0.000000128950,0.005779
0.000000129000,0.005842
0.000000129050,0.005896
0.000000129100,0.005948
0.000000129150,0.005994
0.000000129200,0.006035
0.000000129250,0.006075
0.000000129300,0.006109
0.000000129350,0.006143
0.000000129400,0.006170
0.000000129450,0.006197
0.000000129500,0.006224
0.000000129550,0.006248
0.000000129600,0.006272
0.000000129650,0.006294
0.000000129700,0.006316
0.000000129750,0.006340
0.000000129800,0.006363
0.000000129850,0.006389
0.000000129900,0.006413
0.000000129950,0.006444
0.000000130000,0.006473
0.000000130050,0.006505
0.000000130100,0.006539
0.000000130150,0.006577
0.000000130200,0.006616
0.000000130250,0.006660
0.000000130300,0.006705
0.000000130350,0.006753
0.000000130400,0.006806
0.000000130450,0.006859
0.000000130500,0.006917
0.000000130550,0.006978
0.000000130600,0.007041
0.000000130650,0.007107
0.000000130700,0.007175
0.000000130750,0.007247
0.000000130800,0.007318
0.000000130850,0.007393
0.000000130900,0.007469
0.000000130950,0.007545
0.000000131000,0.007622
0.000000131050,0.007700
0.000000131100,0.007776
0.000000131150,0.007853
0.000000131200,0.007931
0.000000131250,0.008004
0.000000131300,0.008076
0.000000131350,0.008146
0.000000131400,0.008214
0.000000131450,0.008276
0.000000131500,0.008335
0.000000131550,0.008390
0.000000131600,0.008441
0.000000131650,0.008485
0.000000131700,0.008524
0.000000131750,0.008558
0.000000131800,0.008580
0.000000131850,0.008599
0.000000131900,0.008611
0.000000131950,0.008613
0.000000132000,0.008607
0.000000132050,0.008592
0.000000132100,0.008568
0.000000132150,0.008534
0.000000132200,0.008492
0.000000132250,0.008440
0.000000132300,0.008377
0.000000132350,0.008303
0.000000132400,0.008220
0.000000132450,0.008126
0.000000132500,0.008026
0.000000132550,0.007910
0.000000132600,0.007785
0.000000132650,0.007652
0.000000132700,0.007506
0.000000132750,0.007353
0.000000132800,0.007189
0.000000132850,0.007017
0.000000132900,0.006836
0.000000132950,0.006646
0.000000133000,0.006449
0.000000133050,0.006243
0.000000133100,0.006030
0.000000133150,0.005809
0.000000133200,0.005584
0.000000133250,0.005352
0.000000133300,0.005116
0.000000133350,0.004875
0.000000133400,0.004630
0.000000133450,0.004381
0.000000133500,0.004132
0.000000133550,0.003879
0.000000133600,0.003625
0.000000133650,0.003372
0.000000133700,0.003118
0.000000133750,0.002866
0.000000133800,0.002614
0.000000133850,0.002367
0.000000133900,0.002122
0.000000133950,0.001881
0.000000134000,0.001643
0.000000134050,0.001413
0.000000134100,0.001187
0.000000134150,0.000967
0.000000134200,0.000755
0.000000134250,0.000552
0.000000134300,0.000356
0.000000134350,0.000167
0.000000134400,-0.000011
0.000000134450,-0.000180
0.000000134500,-0.000339
0.000000134550,-0.000486
0.000000134600,-0.000624
0.000000134650,-0.000752
0.000000134700,-0.000867
0.000000134750,-0.000971
0.000000134800,-0.001062
0.000000134850,-0.001144
0.000000134900,-0.001212
0.000000134950,-0.001270
0.000000135000,-0.001316
0.000000135050,-0.001349
0.000000135100,-0.001371
0.000000135150,-0.001381
0.000000135200,-0.001381
0.000000135250,-0.001368
0.000000135300,-0.001346
0.000000135350,-0.001315
0.000000135400,-0.001268
0.000000135450,-0.001218
0.000000135500,-0.001155
0.000000135550,-0.001083
0.000000135600,-0.001003
0.000000135650,-0.000916
0.000000135700,-0.000820
0.000000135750,-0.000719
0.000000135800,-0.000611
0.000000135850,-0.000496
0.000000135900,-0.000378
0.000000135950,-0.000254
0.000000136000,-0.000127
0.000000136050,0.000003
0.000000136100,0.000139
0.000000136150,0.000274
0.000000136200,0.000413
0.000000136250,0.000552
0.000000136300,0.000691
0.000000136350,0.000830
0.000000136400,0.000969
0.000000136450,0.001106
0.000000136500,0.001241
0.000000136550,0.001373
0.000000136600,0.001507
0.000000136650,0.001635
0.000000136700,0.001760
0.000000136750,0.001882
0.000000136800,0.001997
0.000000136850,0.002113
0.000000136900,0.002219
0.000000136950,0.002324
0.000000137000,0.002423
0.000000137050,0.002516
0.000000137100,0.002605
0.000000137150,0.002688
0.000000137200,0.002767
0.000000137250,0.002840
0.000000137300,0.002908
0.000000137350,0.002971
0.000000137400,0.003029
0.000000137450,0.003083
0.000000137500,0.003130
0.000000137550,0.003177
0.000000137600,0.003216
0.000000137650,0.003254
0.000000137700,0.003286
0.000000137750,0.003318
0.000000137800,0.003345
0.000000137850,0.003371
0.000000137900,0.003396
0.000000137950,0.003417
0.000000138000,0.003439
0.000000138050,0.003461
0.000000138100,0.003482
0.000000138150,0.003503
0.000000138200,0.003526
0.000000138250,0.003551
0.000000138300,0.003576
0.000000138350,0.003606
0.000000138400,0.003637
0.000000138450,0.003671
0.000000138500,0.003710
0.000000138550,0.003754
0.000000138600,0.003802
0.000000138650,0.003855
0.000000138700,0.003913
0.000000138750,0.003977
0.000000138800,0.004049
0.000000138850,0.004126
0.000000138900,0.004209
0.000000138950,0.004300
0.000000139000,0.004398
0.000000139050,0.004503
0.000000139100,0.004617
0.000000139150,0.004737
0.000000139200,0.004867
0.000000139250,0.005001
0.000000139300,0.005144
0.000000139350,0.005296
0.000000139400,0.005454
0.000000139450,0.005620
0.000000139500,0.005793
0.000000139550,0.005971
0.000000139600,0.006160
0.000000139650,0.006352
0.000000139700,0.006551
0.000000139750,0.006758
0.000000139800,0.006967
0.000000139850,0.007183
0.000000139900,0.007401
0.000000139950,0.007626
0.000000140000,0.007853
0.000000140050,0.008082
0.000000140100,0.008314
0.000000140150,0.008550
0.000000140200,0.008785
0.000000140250,0.009020
0.000000140300,0.009256
0.000000140350,0.009491
0.000000140400,0.009725
0.000000140450,0.009958
0.000000140500,0.010185
0.000000140550,0.010413
0.000000140600,0.010636
0.000000140650,0.010855
0.000000140700,0.011069
0.000000140750,0.011277
0.000000140800,0.011478
0.000000140850,0.011673
0.000000140900,0.011860
0.000000140950,0.012040
0.000000141000,0.012211
0.000000141050,0.012373
0.000000141100,0.012526
0.000000141150,0.012670
0.000000141200,0.012805
0.000000141250,0.012928
0.000000141300,0.013040
0.000000141350,0.013142
0.000000141400,0.013231
0.000000141450,0.013311
0.000000141500,0.013377
0.000000141550,0.013433
0.000000141600,0.013478
0.000000141650,0.013509
0.000000141700,0.013528
0.000000141750,0.013536
0.000000141800,0.013533
0.000000141850,0.013515
0.000000141900,0.013489
0.000000141950,0.013447
0.000000142000,0.013400
0.000000142050,0.013336
0.000000142100,0.013263
0.000000142150,0.013179
0.000000142200,0.013085
0.000000142250,0.012979
0.000000142300,0.012867
0.000000142350,0.012744
0.000000142400,0.012612
0.000000142450,0.012472
0.000000142500,0.012322
0.000000142550,0.012167
0.000000142600,0.012003
0.000000142650,0.011833
0.000000142700,0.011657
0.000000142750,0.011472
0.000000142800,0.011285
0.000000142850,0.011092
0.000000142900,0.010897
0.000000142950,0.010695
0.000000143000,0.010490
0.000000143050,0.010282
0.000000143100,0.010071
0.000000143150,0.009859
0.000000143200,0.009644
0.000000143250,0.009429
0.000000143300,0.009211
0.000000143350,0.008994
0.000000143400,0.008774
0.000000143450,0.008559
0.000000143500,0.008340
0.000000143550,0.008123
0.000000143600,0.007905
0.000000143650,0.007691
0.000000143700,0.007477
0.000000143750,0.007264
0.000000143800,0.007054
0.000000143850,0.006843
0.000000143900,0.006637
0.000000143950,0.006430
0.000000144000,0.006229
0.000000144050,0.006027
0.000000144100,0.005828
0.000000144150,0.005630
0.000000144200,0.005436
0.000000144250,0.005243
0.000000144300,0.005054
0.000000144350,0.004866
0.000000144400,0.004680
0.000000144450,0.004495
0.000000144500,0.004313
0.000000144550,0.004134
0.000000144600,0.003956
0.000000144650,0.003781
0.000000144700,0.003605
0.000000144750,0.003434
0.000000144800,0.003264
0.000000144850,0.003094
0.000000144900,0.002925
0.000000144950,0.002760
0.000000145000,0.002595
0.000000145050,0.002430
0.000000145100,0.002269
0.000000145150,0.002109
0.000000145200,0.001950
0.000000145250,0.001794
0.000000145300,0.001636
0.000000145350,0.001482
0.000000145400,0.001330
0.000000145450,0.001179
0.000000145500,0.001032
0.000000145550,0.000884
0.000000145600,0.000743
0.000000145650,0.000599
0.000000145700,0.000464
0.000000145750,0.000328
0.000000145800,0.000197
0.000000145850,0.000069
0.000000145900,-0.000055
0.000000145950,-0.000172
0.000000146000,-0.000289
0.000000146050,-0.000398
0.000000146100,-0.000503
0.000000146150,-0.000600
0.000000146200,-0.000692
0.000000146250,-0.000777
0.000000146300,-0.000855
0.000000146350,-0.000926
0.000000146400,-0.000989
0.000000146450,-0.001043
0.000000146500,-0.001090
0.000000146550,-0.001126
0.000000146600,-0.001151
0.000000146650,-0.001169
0.000000146700,-0.001176
0.000000146750,-0.001171
0.000000146800,-0.001155
0.000000146850,-0.001128
0.000000146900,-0.001089
0.000000146950,-0.001037
0.000000147000,-0.000976
0.000000147050,-0.000900
0.000000147100,-0.000811
0.000000147150,-0.000710
0.000000147200,-0.000596
0.000000147250,-0.000468
0.000000147300,-0.000328
0.000000147350,-0.000175
0.000000147400,-0.000008
0.000000147450,0.000172
0.000000147500,0.000363
0.000000147550,0.000568
0.000000147600,0.000784
0.000000147650,0.001013
0.000000147700,0.001255
0.000000147750,0.001506
0.000000147800,0.001769
0.000000147850,0.002044
0.000000147900,0.002327
0.000000147950,0.002619
0.000000148000,0.002920
0.000000148050,0.003229
0.000000148100,0.003546
0.000000148150,0.003868
0.000000148200,0.004197
0.000000148250,0.004532
0.000000148300,0.004870
0.000000148350,0.005210
0.000000148400,0.005552
0.000000148450,0.005897
0.000000148500,0.006240
0.000000148550,0.006586
0.000000148600,0.006927
0.000000148650,0.007267
0.000000148700,0.007601
0.000000148750,0.007934
0.000000148800,0.008257
0.000000148850,0.008575
0.000000148900,0.008884
0.000000148950,0.009186
0.000000149000,0.009477
0.000000149050,0.009757
0.000000149100,0.010023
0.000000149150,0.010280
0.000000149200,0.010520
0.000000149250,0.010748
0.000000149300,0.010961
0.000000149350,0.011155
0.000000149400,0.011333
0.000000149450,0.011494
0.000000149500,0.011636
0.000000149550,0.011760
0.000000149600,0.011863
0.000000149650,0.011946
0.000000149700,0.012011
0.000000149750,0.012055
0.000000149800,0.012078
0.000000149850,0.012078
0.000000149900,0.012057
0.000000149950,0.012017
0.000000150000,0.011952
0.000000150050,0.011869
0.000000150100,0.011763
0.000000150150,0.011636
0.000000150200,0.011488
0.000000150250,0.011321
0.000000150300,0.011135
0.000000150350,0.010926
0.000000150400,0.010700
0.000000150450,0.010457
0.000000150500,0.010193
0.000000150550,0.009916
0.000000150600,0.009622
0.000000150650,0.009311
0.000000150700,0.008987
0.000000150750,0.008649
0.000000150800,0.008298
0.000000150850,0.007935
0.000000150900,0.007564
0.000000150950,0.007181
0.000000151000,0.006792
0.000000151050,0.006395
0.000000151100,0.005992
0.000000151150,0.005585
0.000000151200,0.005173
0.000000151250,0.004760
0.000000151300,0.004344
0.000000151350,0.003930
0.000000151400,0.003517
0.000000151450,0.003104
0.000000151500,0.002696
0.000000151550,0.002291
0.000000151600,0.001895
0.000000151650,0.001502
0.000000151700,0.001117
0.000000151750,0.000741
0.000000151800,0.000377
0.000000151850,0.000021
0.000000151900,-0.000323
0.000000151950,-0.000656
0.000000152000,-0.000974
0.000000152050,-0.001281
0.000000152100,-0.001573
0.000000152150,-0.001851
0.000000152200,-0.002113
0.000000152250,-0.002359
0.000000152300,-0.002591
0.000000152350,-0.002808
0.000000152400,-0.003004
0.000000152450,-0.003188
0.000000152500,-0.003354
0.000000152550,-0.003499
0.000000152600,-0.003635
0.000000152650,-0.003751
0.000000152700,-0.003848
0.000000152750,-0.003933
0.000000152800,-0.004000
0.000000152850,-0.004054
0.000000152900,-0.004090
0.000000152950,-0.004112
0.000000153000,-0.004122
0.000000153050,-0.004117
0.000000153100,-0.004100
0.000000153150,-0.004069
0.000000153200,-0.004028
0.000000153250,-0.003977
0.000000153300,-0.003915
0.000000153350,-0.003844
0.000000153400,-0.003763
0.000000153450,-0.003676
0.000000153500,-0.003582
0.000000153550,-0.003484
0.000000153600,-0.003378
0.000000153650,-0.003268
0.000000153700,-0.003155
0.000000153750,-0.003038
0.000000153800,-0.002920
0.000000153850,-0.002800
0.000000153900,-0.002681
0.000000153950,-0.002564
0.000000154000,-0.002443
0.000000154050,-0.002327
0.000000154100,-0.002212
0.000000154150,-0.002102
0.000000154200,-0.001994
0.000000154250,-0.001891
0.000000154300,-0.001792
0.000000154350,-0.001697
0.000000154400,-0.001607
0.000000154450,-0.001524
0.000000154500,-0.001448
0.000000154550,-0.001376
0.000000154600,-0.001311
0.000000154650,-0.001252
0.000000154700,-0.001198
0.000000154750,-0.001152
0.000000154800,-0.001112
0.000000154850,-0.001077
0.000000154900,-0.001050
0.000000154950,-0.001027
0.000000155000,-0.001011
0.000000155050,-0.001000
0.000000155100,-0.000993
0.000000155150,-0.000988
0.000000155200,-0.000990
0.000000155250,-0.000995
0.000000155300,-0.001003
0.000000155350,-0.001011
0.000000155400,-0.001024
0.000000155450,-0.001037
0.000000155500,-0.001049
0.000000155550,-0.001061
0.000000155600,-0.001072
0.000000155650,-0.001082
0.000000155700,-0.001091
0.000000155750,-0.001095
0.000000155800,-0.001096
0.000000155850,-0.001093
0.000000155900,-0.001084
0.000000155950,-0.001069
0.000000156000,-0.001049
0.000000156050,-0.001022
0.000000156100,-0.000988
0.000000156150,-0.000944
0.000000156200,-0.000892
0.000000156250,-0.000834
0.000000156300,-0.000761
0.000000156350,-0.000681
0.000000156400,-0.000589
0.000000156450,-0.000487
0.000000156500,-0.000377
0.000000156550,-0.000252
0.000000156600,-0.000119
0.000000156650,0.000029
0.000000156700,0.000187
0.000000156750,0.000356
0.000000156800,0.000536
0.000000156850,0.000728
0.000000156900,0.000932
0.000000156950,0.001145
0.000000157000,0.001369
0.000000157050,0.001603
0.000000157100,0.001848
0.000000157150,0.002101
0.000000157200,0.002363
0.000000157250,0.002635
0.000000157300,0.002912
0.000000157350,0.003195
0.000000157400,0.003488
0.000000157450,0.003784
0.000000157500,0.004084
0.000000157550,0.004389
0.000000157600,0.004697
0.000000157650,0.005005
0.000000157700,0.005317
0.000000157750,0.005625
0.000000157800,0.005935
0.000000157850,0.006244
0.000000157900,0.006549
0.000000157950,0.006850
0.000000158000,0.007146
0.000000158050,0.007439
0.000000158100,0.007723
0.000000158150,0.007999
0.000000158200,0.008267
0.000000158250,0.008528
0.000000158300,0.008776
0.000000158350,0.009014
0.000000158400,0.009237
0.000000158450,0.009451
0.000000158500,0.009649
0.000000158550,0.009834
0.000000158600,0.010004
0.000000158650,0.010158
0.000000158700,0.010296
0.000000158750,0.010418
0.000000158800,0.010523
0.000000158850,0.010608
0.000000158900,0.010680
0.000000158950,0.010730
0.000000159000,0.010763
0.000000159050,0.010777
0.000000159100,0.010773
0.000000159150,0.010753
0.000000159200,0.010712
0.000000159250,0.010652
0.000000159300,0.010575
0.000000159350,0.010482
0.000000159400,0.010371
0.000000159450,0.010241
0.000000159500,0.010094
0.000000159550,0.009933
0.000000159600,0.009755
0.000000159650,0.009562
0.000000159700,0.009355
0.000000159750,0.009132
0.000000159800,0.008899
0.000000159850,0.008654
0.000000159900,0.008397
0.000000159950,0.008127
0.000000160000,0.007850
0.000000160050,0.007563
0.000000160100,0.007269
